-6.63860321044922
-6.620712280273438
-6.482658386230469
-6.881599426269532
-6.947822570800782
-6.917381286621095
-6.912574768066407
-7.080535888671876
-7.116851806640625
-7.034606933593751
-7.283744812011719
-7.036476135253907
-7.144355773925782
-7.20043182373047
-7.27306365966797
-7.4858856201171875
-7.751846313476563
-7.6824188232421875
-7.49095916748047
-7.284812927246094
-7.330207824707032
-7.3619842529296875
-7.724876403808595
-7.904586791992188
-7.799110412597657
-7.781753540039063
-7.7091217041015625
-8.071479797363283
-8.267211914062502
-8.217544555664064
-8.372688293457033
-8.297119140625002
-8.080024719238281
-8.194580078125002
-8.160667419433594
-8.161468505859375
-8.281898498535156
-8.234100341796875
-8.214073181152344
-8.86375427246094
-9.16229248046875
-9.164695739746096
-8.88031005859375
-8.987388610839846
-9.433326721191408
-9.510231018066406
-9.370307922363283
-9.770851135253908
-10.018119812011719
-9.872589111328127
-10.310516357421875
-10.282211303710938
-10.688362121582033
-11.141510009765627
-11.1724853515625
-11.042175292968752
-11.297454833984377
-11.91001892089844
-12.116165161132814
-12.427520751953125
-12.82299041748047
-13.29376220703125
-13.984031677246096
-14.700469970703127
-15.543479919433596
-16.22119903564453
-16.316795349121094
-16.467399597167972
-16.45431518554688
-16.528282165527344
-15.965118408203129
-14.739456176757814
-13.99150848388672
-13.594703674316408
-13.172798156738283
-12.604026794433594
-12.539138793945314
-12.579994201660158
-12.31590270996094
-12.032852172851562
-11.651268005371096
-12.26757049560547
-13.227539062500002
-13.934631347656252
-14.044647216796877
-13.588829040527346
-13.85185241699219
-13.334350585937502
-13.039283752441408
-12.585334777832033
-12.79655456542969
-12.378387451171877
-11.932449340820314
-11.860084533691406
-11.547660827636719
-11.208267211914064
-11.530036926269531
-11.753005981445314
-11.805877685546875
-11.947937011718752
-11.817092895507812
-11.542587280273438
-11.220283508300783
-11.018409729003908
-11.16447448730469
-11.573028564453125
-11.80320739746094
-11.674766540527346
-11.694526672363281
-11.893463134765625
-11.6168212890625
-11.311607360839846
-10.910797119140627
-10.817070007324219
-10.70304870605469
-10.695037841796877
-10.537757873535158
-10.634689331054688
-11.152191162109377
-11.018409729003908
-10.844306945800783
-10.792236328125002
-11.4031982421875
-11.105995178222658
-10.93456268310547
-10.951385498046875
-10.704650878906252
-11.064605712890627
-12.135124206542969
-11.967430114746096
-11.336441040039062
-11.357002258300781
-11.226158142089846
-11.255264282226564
-11.302261352539062
-11.152191162109377
-11.566619873046877
-11.922035217285158
-12.166900634765627
-12.19707489013672
-12.247009277343752
-12.141265869140625
-12.042999267578127
-12.343673706054688
-12.30388641357422
-12.544212341308596
-12.712974548339844
-12.943153381347658
-13.049697875976564
-13.033142089843752
-13.163452148437502
-13.294029235839846
-13.250503540039064
-13.234748840332033
-12.991485595703127
-12.957038879394531
-13.11271667480469
-12.947959899902346
-12.460098266601562
-12.756233215332033
-13.056907653808596
-12.844886779785158
-12.712974548339844
-12.83714294433594
-12.848358154296877
-12.711372375488283
-12.963447570800783
-13.132209777832031
-12.955970764160158
-13.157844543457033
-12.974128723144531
-13.202171325683596
-13.264923095703125
-13.081741333007812
-13.140754699707033
-12.958106994628908
-12.88280487060547
-13.194160461425783
-13.34716796875
-13.28227996826172
-13.028335571289062
-13.015518188476564
-13.176269531250002
-13.147430419921877
-13.118324279785158
-13.388557434082033
-13.231277465820314
-13.411254882812502
-13.675613403320314
-13.451576232910158
-13.467330932617188
-13.410720825195314
-13.587493896484377
-13.393630981445314
-13.316726684570314
-13.151435852050781
-13.098831176757812
-13.614196777343752
-13.568000793457033
-13.43475341796875
-13.300170898437502
-13.662528991699219
-13.772010803222658
-13.822212219238283
-13.762397766113283
-13.457984924316408
-13.181076049804688
-13.0950927734375
-13.528747558593752
-13.54290008544922
-13.340225219726564
-13.518066406250002
-13.696975708007814
-13.949050903320314
-14.004058837890627
-14.1802978515625
-14.042243957519531
-14.174156188964846
-14.284973144531252
-14.066009521484375
-13.802986145019533
-13.72020721435547
-14.028892517089844
-14.125289916992188
-14.08256530761719
-13.942909240722656
-14.1973876953125
-14.224891662597658
-14.161872863769533
-14.17308807373047
-14.07695770263672
-14.028892517089844
-14.370422363281252
-14.606742858886719
-14.302864074707033
-14.227294921875002
-14.264678955078127
-14.27055358886719
-14.102859497070314
-14.06333923339844
-13.86199951171875
-13.611526489257814
-13.787231445312502
-13.864402770996096
-13.793106079101562
-14.012603759765625
-13.74584197998047
-13.924217224121096
-14.299659729003906
-14.193382263183596
-14.045181274414062
-14.015274047851564
-13.7188720703125
-13.826484680175781
-13.927955627441408
-13.822479248046877
-14.30900573730469
-14.612083435058596
-14.346656799316408
-14.210205078125002
-14.358673095703127
-14.150123596191408
-13.610992431640627
-14.092979431152346
-14.337577819824219
-14.209136962890625
-13.876686096191408
-13.831024169921877
-13.904724121093752
-14.070014953613283
-14.036903381347658
-14.110603332519531
-14.18243408203125
-14.27055358886719
-14.36534881591797
-14.223022460937502
-14.167747497558596
-14.424629211425783
-14.861755371093752
-14.78965759277344
-14.572830200195314
-14.382171630859377
-14.710083007812502
-14.795265197753908
-14.88578796386719
-14.99553680419922
-14.95922088623047
-14.91783142089844
-14.891929626464846
-14.972839355468752
-14.955482482910158
-14.912757873535158
-14.883384704589844
-15.179786682128908
-16.021461486816406
-15.133857727050783
-14.566421508789064
-14.543457031250002
-14.344520568847658
-13.9324951171875
-14.187507629394533
-14.170684814453125
-14.21154022216797
-14.132232666015627
-13.598976135253908
-13.496704101562502
-13.405647277832033
-13.341560363769533
-13.570938110351564
-13.402442932128908
-13.569602966308596
-13.781089782714846
-13.81126403808594
-13.502578735351564
-13.363189697265627
-13.279075622558594
-13.601646423339844
-13.487358093261719
-13.506050109863281
-13.592033386230469
-13.398704528808596
-13.032608032226564
-13.02806854248047
-13.433952331542969
-13.54637145996094
-13.412055969238283
-13.007240295410158
-12.940750122070312
-13.049964904785158
-12.57091522216797
-12.180519104003906
-12.416839599609377
-12.72819519042969
-12.562904357910158
-12.431259155273438
-12.726325988769531
-12.26970672607422
-12.669448852539064
-12.712974548339844
-12.324714660644533
-12.773857116699219
-12.69695281982422
-12.472114562988283
-12.86998748779297
-13.414459228515627
-10.472602844238283
-10.456581115722656
-10.432281494140625
-10.650711059570314
-10.87902069091797
-11.110000610351562
-10.907058715820314
-10.825347900390625
-10.549507141113283
-10.906524658203127
-11.032562255859377
-11.049385070800781
-11.02134704589844
-10.918006896972656
-11.185569763183596
-11.197586059570312
-10.930557250976562
-10.692901611328127
-11.109466552734375
-11.068611145019531
-11.015472412109377
-10.801849365234377
-10.641632080078127
-10.96794128417969
-11.08970642089844
-11.268348693847658
-11.403999328613283
-11.404533386230469
-11.313743591308596
-11.226425170898438
-11.03710174560547
-11.02001190185547
-10.968475341796875
-10.767669677734377
-10.706253051757814
-10.964736938476562
-11.088905334472658
-10.95378875732422
-10.999183654785158
-11.125221252441408
-11.152725219726564
-11.211738586425781
-10.968475341796875
-11.100654602050783
-11.338043212890627
-11.465148925781252
-11.62162780761719
-11.11400604248047
-10.955924987792969
-11.03630065917969
-11.115608215332033
-11.038970947265625
-10.897178649902344
-10.758323669433596
-10.869674682617188
-10.939903259277346
-10.98796844482422
-11.0528564453125
-10.990371704101564
-10.94230651855469
-10.692367553710938
-10.622138977050781
-10.716400146484377
-10.690765380859377
-10.410118103027346
-10.335617065429688
-10.364723205566406
-9.826660156250002
-9.709701538085938
-9.868316650390625
-9.746017456054688
-9.640007019042969
-9.351348876953125
-9.31022644042969
-9.444808959960938
-9.260826110839844
-9.372978210449219
-9.188995361328125
-8.98284912109375
-9.382057189941408
-9.493141174316406
-9.420509338378906
-9.310493469238281
-9.209022521972656
-8.787651062011719
-8.713150024414064
-8.56681823730469
-8.489112854003908
-8.308067321777346
-8.5919189453125
-8.656806945800783
-8.410072326660156
-8.577766418457031
-8.54759216308594
-8.752937316894531
-8.713684082031252
-8.458137512207031
-8.343315124511719
-8.309135437011719
-8.362274169921877
-8.388977050781252
-8.24718475341797
-7.941169738769531
-7.7710723876953125
-7.63622283935547
-7.745437622070313
-7.99724578857422
-7.713661193847657
-8.000984191894533
-8.253860473632814
-8.151588439941408
-7.98015594482422
-7.828216552734376
-7.735023498535157
-7.8810882568359375
-7.817268371582031
-7.652778625488281
-7.480545043945313
-7.763061523437501
-7.577743530273438
-7.660255432128907
-7.765464782714845
-7.275733947753907
-7.127265930175782
-7.11284637451172
-7.493896484375001
-7.395362854003906
-7.364921569824219
-7.514724731445313
-7.37987518310547
-7.412185668945313
-7.464790344238282
-7.17479705810547
-7.120590209960938
-7.30297088623047
-7.447700500488282
-7.385749816894531
-7.168121337890626
-7.220993041992188
-7.400970458984376
-7.416458129882813
-7.673606872558595
-7.539558410644532
-7.152900695800782
-7.137413024902345
-7.187881469726563
-7.175331115722657
-7.165184020996095
-7.64476776123047
-7.510719299316406
-7.54009246826172
-7.582550048828126
-7.437286376953125
-7.113914489746095
-7.169456481933595
-7.254371643066407
-7.306442260742188
-7.556114196777345
-7.489089965820313
-7.584419250488282
-7.364654541015626
-7.61566162109375
-7.601776123046876
-7.375068664550782
-7.418594360351563
-7.2103118896484375
-7.327804565429688
-7.321128845214845
-7.573738098144531
-8.044776916503908
-8.054924011230469
-7.939300537109376
-7.771873474121095
-7.724075317382813
-7.763595581054688
-7.941169738769531
-7.61058807373047
-7.7176666259765625
-7.763328552246095
-7.813796997070313
-7.9587936401367205
-7.98442840576172
-8.151054382324219
-8.141174316406252
-8.073081970214846
-8.140106201171875
-8.095512390136719
-7.770004272460938
-7.672271728515626
-8.212738037109375
-8.059730529785158
-7.4383544921875
-7.655982971191407
-7.5222015380859375
-7.409248352050782
-7.403907775878906
-7.415924072265626
-7.575874328613282
-7.53795623779297
-7.361717224121095
-6.92272186279297
-7.055435180664063
-6.9091033935546875
-6.737403869628906
-6.922988891601563
-7.225532531738281
-7.407112121582032
-7.300567626953126
-7.274131774902345
-7.048492431640626
-7.034873962402344
-7.1579742431640625
-6.849822998046875
-7.114982604980469
-7.3256683349609375
-7.304840087890625
-6.899757385253907
-6.648216247558595
-6.607894897460938
-6.83300018310547
-7.183074951171876
-7.01885223388672
-6.88854217529297
-6.672515869140625
-6.711769104003907
-6.441268920898438
-6.22711181640625
-6.283454895019531
-6.351814270019532
-6.611366271972656
-6.678924560546876
-6.689605712890625
-6.652488708496094
-6.456222534179688
-6.403617858886719
-6.754493713378906
-6.979331970214845
-6.733398437500001
-7.04875946044922
-7.522735595703126
-8.018341064453125
-8.805007934570314
-8.459739685058594
-8.148117065429688
-8.15319061279297
-8.600196838378908
-8.947868347167969
-8.818359375000002
-8.546524047851562
-8.578033447265627
-8.503799438476564
-8.605804443359375
-8.597793579101562
-8.451461791992188
-8.311004638671877
-8.49418640136719
-8.258934020996094
-8.266944885253906
-8.04718017578125
-7.389221191406251
-7.385215759277345
-7.429809570312501
-7.988967895507813
-7.561988830566407
-7.054100036621095
-7.116851806640625
-7.152099609375
-7.070121765136719
-6.837806701660157
-6.928863525390626
-6.831130981445313
-6.902961730957032
-6.611900329589845
-6.773719787597657
-6.56463623046875
-6.878929138183595
-7.169990539550782
-8.137969970703125
-7.091217041015625
-6.485862731933595
-6.191329956054688
-5.808143615722657
-5.663948059082032
-5.6092071533203125
-5.583839416503907
-5.15392303466797
-4.710388183593751
-4.627876281738281
-4.497833251953126
-4.426269531250001
-4.5667266845703125
-4.688224792480469
-4.721336364746094
-4.741630554199219
-4.689826965332031
-4.702911376953126
-4.42333221435547
-4.6019744873046875
-4.503173828125
-4.343223571777345
-4.204101562500001
-4.080200195312501
-4.026527404785157
-3.9683151245117196
-4.605445861816407
-4.744300842285156
-4.8236083984375
-4.534416198730469
-4.300231933593751
-4.202232360839845
-4.402503967285157
-4.294090270996094
-4.379539489746095
-4.248962402343751
-4.7002410888671875
-4.788360595703125
-4.807586669921876
-4.825744628906251
-4.8284149169921875
-4.927749633789063
-5.02655029296875
-4.971275329589844
-4.943504333496094
-4.765930175781251
-4.966201782226563
-5.266876220703125
-5.420417785644531
-4.975280761718751
-5.2161407470703125
-5.25726318359375
-5.208129882812501
-5.294113159179688
-4.733352661132813
-4.751243591308595
-4.92828369140625
-5.003051757812501
-4.838829040527344
-4.659652709960938
-4.42840576171875
-4.4417572021484375
-4.625740051269532
-4.962997436523438
-4.640693664550782
-4.6212005615234375
-4.662055969238281
-4.580612182617188
-4.448165893554688
-4.12933349609375
-4.2281341552734375
-4.3210601806640625
-4.527740478515625
-4.252700805664063
-3.7063598632812504
-3.425979614257813
-3.8497543334960938
-3.9624404907226562
-3.9648437500000004
-3.8321304321289062
-3.768844604492188
-3.7757873535156254
-3.8118362426757817
-4.1394805908203125
-3.9936828613281254
-3.997955322265626
-4.12212371826172
-4.151496887207032
-4.264717102050781
-4.294891357421875
-4.218521118164063
-4.0540313720703125
-4.177665710449219
-4.087409973144531
-3.941879272460938
-4.2473602294921875
-4.161911010742188
-4.161643981933594
-4.3029022216796875
-4.195289611816407
-4.205169677734376
-4.508514404296875
-4.391021728515626
-4.4818115234375
-4.428939819335938
-4.528007507324219
-4.589958190917969
-4.5677947998046875
-4.320259094238282
-4.228668212890626
-4.293556213378907
-4.013442993164063
-4.2580413818359375
-4.244422912597656
-4.032936096191406
-4.104766845703126
-4.177398681640626
-4.353370666503906
-4.446296691894532
-4.546165466308594
-4.821739196777344
-5.1456451416015625
-5.025749206542969
-4.788360595703125
-4.8252105712890625
-4.6746063232421875
-4.879951477050782
-4.643096923828125
-4.691963195800781
-4.959259033203126
-4.9224090576171875
-4.923744201660156
-4.9683380126953125
-4.9224090576171875
-4.777679443359375
-4.567260742187501
-4.672470092773438
-5.205726623535156
-5.081825256347656
-4.927482604980469
-5.1093292236328125
-5.74779510498047
-5.810012817382813
-5.7619476318359375
-5.352592468261719
-5.321083068847656
-5.0740814208984375
-5.355262756347657
-5.687179565429688
-5.3763580322265625
-5.42949676513672
-5.373153686523438
-5.181427001953126
-5.200386047363282
-5.17822265625
-4.958992004394531
-4.691963195800781
-4.664459228515626
-4.696235656738282
-4.675941467285157
-4.7034454345703125
-4.84203338623047
-4.937095642089844
-4.989700317382813
-5.08342742919922
-4.824409484863281
-4.63348388671875
-4.80224609375
-4.809722900390626
-4.653244018554688
-4.632415771484376
-4.8369598388671875
-4.8636627197265625
-4.743232727050781
-4.537086486816407
-4.975280761718751
-5.19878387451172
-5.3347015380859375
-5.241241455078125
-5.071144104003907
-4.95391845703125
-4.9683380126953125
-4.7920989990234375
-4.896507263183595
-4.7472381591796875
-4.819335937500001
-4.989166259765625
-5.049247741699219
-5.1552581787109375
-4.9704742431640625
-4.879150390625001
-4.87621307373047
-4.561119079589844
-4.494361877441406
-4.255638122558595
-4.13921356201172
-4.2740631103515625
-4.407844543457031
-4.211578369140626
-4.0369415283203125
-4.282073974609376
-4.625473022460938
-4.617195129394532
-4.3199920654296875
-3.9394760131835938
-3.8986206054687504
-3.808364868164063
-3.997154235839844
-4.080467224121094
-3.9007568359375004
-3.917045593261719
-4.0540313720703125
-4.267387390136719
-4.43267822265625
-4.348831176757813
-4.3563079833984375
-4.358978271484375
-4.1320037841796875
-4.007835388183594
-3.8454818725585938
-3.780593872070313
-3.918380737304688
-3.91571044921875
-3.688468933105469
-3.7648391723632817
-3.911705017089844
-4.033203125000001
-4.261512756347656
-4.452171325683595
-4.190216064453125
-3.9739227294921875
-3.8238525390625004
-3.852958679199219
-3.8470840454101567
-3.7808609008789067
-3.6008834838867188
-3.735466003417969
-3.8088989257812504
-3.902359008789063
-3.794212341308594
-3.832931518554688
-3.590469360351563
-3.499679565429688
-3.565902709960938
-3.608360290527344
-3.4671020507812504
-3.678054809570313
-3.9442825317382812
-3.8858032226562504
-3.729324340820313
-3.635330200195313
-3.7170410156250004
-3.7426757812500004
-3.6516189575195317
-3.4166336059570317
-3.1690979003906254
-3.7146377563476567
-3.99688720703125
-4.004898071289063
-3.8214492797851567
-3.875389099121094
-3.9830017089843754
-4.007301330566406
-4.115715026855469
-4.04815673828125
-4.166450500488281
-4.112510681152345
-4.021186828613281
-4.023056030273438
-4.062042236328126
-3.911170959472657
-3.9565658569335938
-3.9899444580078125
-3.8631057739257812
-3.621177673339844
-3.546676635742188
-3.5576248168945317
-3.6067581176757817
-3.8548278808593754
-3.739738464355469
-3.6345291137695317
-3.434257507324219
-3.2828521728515625
-3.2363891601562504
-3.0812454223632817
-3.363494873046875
-3.433189392089844
-3.3432006835937504
-3.1608200073242188
-3.1752395629882817
-3.229179382324219
-3.266830444335938
-3.1947326660156254
-3.190727233886719
-3.438262939453125
-3.2759094238281254
-3.288192749023438
-3.5640335083007817
-3.678855895996094
-3.4638977050781254
-3.4222412109375004
-3.3562850952148438
-3.238792419433594
-3.3872604370117188
-3.198204040527344
-3.4169006347656254
-3.6700439453125
-3.866844177246094
-3.6091613769531254
-3.832664489746094
-3.6647033691406254
-3.6131668090820317
-3.6882019042968754
-3.5877990722656254
-3.646812438964844
-3.529586791992188
-3.8484191894531254
-3.808097839355469
-3.7669754028320317
-3.712234497070313
-3.6700439453125
-3.497276306152344
-3.8868713378906254
-4.086875915527345
-4.010505676269532
-3.7683105468750004
-3.667373657226563
-4.027061462402344
-4.074325561523438
-3.8887405395507817
-3.888206481933594
-4.193153381347656
-4.242820739746094
-4.186744689941407
-4.0615081787109375
-4.47540283203125
-4.437751770019532
-4.499168395996094
-4.318389892578126
-3.889541625976563
-4.027061462402344
-4.099159240722657
-4.053764343261719
-4.0006256103515625
-4.074592590332031
-4.269256591796875
-4.085006713867188
-4.011306762695313
-4.21184539794922
-3.9976882934570312
-3.731460571289063
-3.462295532226563
-3.435592651367188
-3.8705825805664067
-4.262580871582031
-4.465789794921875
-4.716262817382813
-4.764862060546876
-4.564056396484375
-4.1960906982421875
-4.478340148925781
-4.557380676269531
-4.733352661132813
-4.685020446777344
-4.668464660644532
-4.87621307373047
-5.063133239746095
-5.166206359863282
-5.311737060546875
-5.783042907714845
-5.426292419433594
-5.372352600097657
-5.231361389160157
-5.266609191894532
-4.971008300781251
-5.070343017578125
-5.263671875000001
-5.245780944824219
-5.132560729980469
-5.1210784912109375
-5.1953125
-5.05779266357422
-4.843635559082031
-4.92961883544922
-5.126686096191406
-5.02788543701172
-5.16754150390625
-5.528831481933595
-4.9961090087890625
-4.812393188476563
-4.7803497314453125
-4.97447967529297
-5.244712829589845
-5.565147399902345
-5.307464599609376
-5.62389373779297
-6.063690185546876
-6.036987304687501
-5.993728637695313
-6.16649627685547
-6.941146850585938
-6.906166076660156
-7.303504943847657
-7.788963317871095
-8.047981262207031
-8.183631896972658
-8.079490661621096
-8.601531982421875
-8.839187622070314
-8.590049743652346
-8.593254089355469
-8.525428771972658
-8.637046813964844
-8.590850830078127
-8.568954467773438
-8.438377380371094
-8.399658203125
-8.400459289550781
-8.494720458984375
-8.435173034667969
-8.461074829101564
-8.293647766113281
-8.648262023925781
-8.86161804199219
-8.36387634277344
-8.386306762695312
-8.45787048339844
-8.323287963867188
-9.120635986328125
-8.988723754882812
-8.316612243652344
-8.007926940917969
-7.478408813476563
-7.451171875000001
-7.421264648437501
-7.663726806640626
-7.820739746093751
-7.975082397460938
-7.626342773437501
-7.571868896484376
-7.623939514160157
-7.560386657714844
-7.612724304199219
-7.462387084960938
-7.18975067138672
-6.826057434082031
-7.266921997070313
-7.351036071777345
-7.289085388183595
-7.172927856445313
-6.980667114257813
-6.940612792968751
-6.734199523925782
-6.762771606445313
-6.657028198242188
-7.122459411621095
-7.57080078125
-7.501907348632813
-7.392425537109375
-7.448501586914063
-7.480010986328126
-7.419929504394532
-7.231674194335938
-7.046356201171875
-7.0052337646484375
-6.922988891601563
-7.250900268554688
-7.461853027343751
-6.59160614013672
-6.73473358154297
-6.960372924804688
-7.1398162841796875
-7.397766113281251
-7.385749816894531
-7.162246704101563
-6.887741088867188
-7.001228332519532
-7.214851379394532
-6.983070373535157
-7.339553833007813
-7.479209899902344
-7.342758178710938
-7.094688415527345
-6.923789978027345
-6.558494567871095
-6.648750305175781
-6.588134765625001
-6.464767456054688
-6.50402069091797
-6.804428100585938
-7.037010192871095
-6.956634521484375
-6.982536315917969
-7.1387481689453125
-7.001228332519532
-6.85089111328125
-7.346229553222657
-7.428207397460938
-7.21965789794922
-7.430610656738281
-7.466125488281251
-7.350234985351563
-6.826057434082031
-6.612701416015626
-6.990814208984376
-7.35424041748047
-7.529678344726563
-7.298431396484376
-6.670379638671876
-6.788406372070313
-7.150230407714844
-7.065582275390626
-7.599372863769531
-7.808723449707032
-7.643699645996095
-7.574539184570313
-7.654914855957032
-7.776412963867188
-7.529678344726563
-7.26024627685547
-7.119789123535156
-7.278404235839845
-7.501106262207032
-7.472801208496095
-7.178535461425782
-7.133941650390626
-7.575340270996095
-7.59990692138672
-7.506446838378907
-7.119522094726563
-7.160911560058595
-7.423400878906251
-7.2989654541015625
-7.378540039062501
-7.296295166015626
-6.933937072753907
-6.866645812988282
-6.91204071044922
-6.772384643554688
-6.931800842285156
-7.304039001464845
-6.875190734863282
-7.193756103515626
-7.152900695800782
-6.379318237304688
-5.990257263183595
-6.600685119628907
-6.736335754394531
-6.767044067382813
-6.804695129394532
-6.919784545898438
-6.920318603515626
-7.299232482910157
-7.265853881835938
-7.128601074218751
-7.295761108398438
-7.278671264648438
-7.241554260253907
-7.082672119140625
-6.990814208984376
-6.900024414062501
-7.2103118896484375
-7.04021453857422
-7.27733612060547
-7.075195312500001
-6.872520446777345
-6.885337829589845
-6.755027770996095
-6.517372131347657
-6.51470184326172
-6.656227111816406
-6.565437316894532
-7.008438110351563
-6.943550109863282
-6.59587860107422
-6.439399719238282
-7.000961303710938
-6.623382568359376
-6.018562316894532
-5.88024139404297
-5.987586975097657
-6.191329956054688
-6.071166992187501
-5.873031616210938
-5.788116455078126
-5.204658508300782
-5.612144470214844
-6.058349609375
-6.048469543457032
-5.998268127441406
-5.972900390625001
-6.0097503662109375
-6.196136474609376
-6.300010681152345
-6.09466552734375
-6.002540588378907
-5.9371185302734375
-6.039123535156251
-6.3568878173828125
-6.308822631835938
-6.044464111328126
-6.187591552734376
-6.384925842285157
-6.262893676757813
-6.410560607910157
-6.487731933593751
-6.71123504638672
-6.655158996582032
-6.700286865234375
-6.80095672607422
-6.84234619140625
-6.8183135986328125
-6.648750305175781
-6.379051208496095
-6.6068267822265625
-6.304283142089844
-6.034584045410156
-5.867958068847657
-5.922698974609376
-5.776634216308595
-5.925369262695313
-5.797462463378907
-5.829772949218751
-5.825233459472657
-6.122703552246095
-6.095199584960938
-6.16863250732422
-6.292800903320313
-6.326179504394532
-6.104011535644531
-5.996932983398438
-5.954475402832031
-5.943527221679688
-6.36089324951172
-6.07250213623047
-6.075172424316407
-6.057014465332032
-6.040191650390625
-6.136856079101563
-6.167297363281251
-6.05113983154297
-6.063423156738282
-6.238327026367188
-6.145935058593751
-5.944862365722656
-6.011085510253907
-6.19293212890625
-6.225776672363282
-6.171836853027344
-6.270904541015625
-6.784934997558594
-6.699485778808595
-6.800689697265626
-6.760635375976563
-6.826858520507813
-7.277603149414063
-6.8460845947265625
-6.753692626953126
-6.612434387207031
-6.321372985839845
-6.224975585937501
-5.945129394531251
-6.239395141601563
-6.475982666015625
-6.349945068359376
-6.199607849121094
-6.117362976074219
-6.171302795410157
-6.119766235351563
-5.9259033203125
-5.9259033203125
-5.91228485107422
-5.917091369628906
-6.0994720458984375
-6.049270629882813
-6.050071716308595
-5.865821838378906
-6.00841522216797
-6.165695190429688
-5.816154479980469
-5.641250610351563
-5.881843566894531
-6.025772094726563
-6.15154266357422
-6.216430664062501
-6.25408172607422
-6.278114318847657
-6.602020263671875
-6.720314025878906
-6.673049926757813
-6.366233825683595
-6.74407958984375
-7.330207824707032
-6.777725219726563
-6.740074157714845
-6.662101745605469
-6.885871887207032
-7.00603485107422
-7.218322753906251
-7.263183593750001
-7.178802490234375
-7.455711364746095
-7.736358642578126
-7.6642608642578125
-7.379608154296876
-7.327537536621095
-7.364387512207032
-7.407913208007813
-7.261314392089845
-7.167320251464845
-7.080001831054688
-7.3085784912109375
-7.473068237304688
-7.400970458984376
-7.506713867187501
-7.58281707763672
-7.803649902343751
-7.755050659179688
-8.117942810058594
-8.149986267089846
-8.30059051513672
-8.579368591308594
-8.342247009277346
-8.114204406738281
-8.187904357910158
-8.112068176269531
-7.957191467285157
-8.005790710449219
-7.65331268310547
-7.927818298339844
-8.253326416015627
-7.823677062988282
-7.632484436035157
-7.519264221191406
-7.728347778320313
-7.509117126464845
-7.706985473632813
-8.090171813964846
-8.131561279296877
-7.773742675781251
-7.259712219238282
-7.59349822998047
-7.533416748046876
-7.0586395263671875
-6.84154510498047
-6.607360839843751
-6.677856445312501
-6.824989318847656
-6.94915771484375
-6.780128479003907
-6.432456970214845
-6.342201232910157
-6.218833923339845
-5.862083435058594
-5.57048797607422
-5.716285705566407
-5.595321655273438
-5.653533935546876
-5.758209228515626
-5.679969787597657
-5.7683563232421875
-5.648193359375
-5.66875457763672
-6.028976440429688
-5.85887908935547
-5.815086364746094
-6.160621643066407
-6.619110107421875
-6.214027404785157
-5.776367187500001
-5.847396850585938
-5.722694396972656
-5.422821044921876
-5.062332153320313
-4.875144958496094
-4.910926818847657
-5.1381683349609375
-5.249519348144531
-5.1905059814453125
-5.215606689453126
-5.117340087890625
-5.093040466308595
-5.263671875000001
-5.168075561523438
-5.259132385253906
-5.092773437500001
-5.425758361816407
-5.680503845214845
-5.6102752685546875
-5.202255249023438
-5.1039886474609375
-5.01079559326172
-5.062332153320313
-5.218544006347657
-5.031089782714845
-4.828147888183594
-4.904251098632813
-4.7301483154296875
-4.288215637207031
-4.432411193847656
-4.4994354248046875
-4.467124938964845
-4.114646911621094
-4.149627685546876
-4.098625183105469
-4.046287536621094
-4.339485168457032
-4.014778137207031
-4.048690795898438
-4.139747619628906
-3.8644409179687504
-3.7902069091796875
-3.7119674682617188
-3.817710876464844
-4.135208129882813
-4.482612609863282
-4.630012512207031
-4.5848846435546875
-4.632148742675782
-4.71599578857422
-4.811859130859375
-4.565658569335938
-4.758186340332032
-4.659385681152344
-4.363250732421876
-4.189949035644532
-4.331474304199219
-4.707984924316406
-4.452705383300781
-4.649772644042969
-4.497032165527345
-4.188880920410157
-4.725341796875
-4.509048461914063
-4.164047241210938
-4.356040954589844
-4.2462921142578125
-4.4332122802734375
-4.16351318359375
-4.195556640625001
-4.31304931640625
-3.9870071411132817
-4.434814453125001
-4.659652709960938
-4.589691162109375
-4.400367736816407
-4.362983703613281
-4.584083557128906
-4.589424133300782
-4.564590454101563
-4.565391540527345
-4.381408691406251
-4.4182586669921875
-4.5346832275390625
-4.14989471435547
-4.144020080566407
-4.073524475097657
-4.30450439453125
-4.3552398681640625
-4.317321777343751
-4.126663208007813
-4.172592163085938
-4.2473602294921875
-3.9290618896484375
-4.126930236816407
-4.284210205078126
-4.239349365234376
-4.385147094726563
-4.2057037353515625
-4.222259521484376
-4.54723358154297
-4.67327117919922
-4.6842193603515625
-4.63695526123047
-4.851112365722656
-4.910392761230469
-5.187568664550781
-5.498924255371095
-5.669021606445313
-5.616950988769531
-6.166229248046875
-6.77318572998047
-7.034606933593751
-6.920852661132813
-6.785736083984376
-7.053298950195313
-7.243423461914063
-7.761726379394532
-7.919807434082031
-7.787628173828126
-8.026885986328127
-7.881622314453126
-7.749176025390625
-7.685890197753907
-7.725143432617188
-7.836761474609376
-8.182830810546877
-8.420486450195312
-8.600730895996094
-8.326492309570314
-7.933158874511719
-7.351303100585938
-6.89708709716797
-6.5171051025390625
-6.028442382812501
-5.676498413085938
-5.5290985107421875
-5.3144073486328125
-5.293846130371095
-5.224151611328125
-4.940032958984376
-4.790229797363281
-4.76085662841797
-4.793968200683594
-4.611854553222656
-4.346961975097657
-4.374198913574219
-4.302101135253907
-4.39422607421875
-4.388618469238281
-4.785957336425782
-4.953651428222657
-4.801445007324219
-4.6868896484375
-4.383277893066407
-4.443092346191406
-4.2724609375
-4.18193817138672
-3.7720489501953125
-3.3036804199218754
-3.5173034667968754
-3.9060974121093754
-3.989677429199219
-3.891677856445313
-3.9562988281250004
-3.9210510253906254
-4.304237365722657
-4.707717895507813
-4.672203063964845
-4.524269104003907
-4.503707885742188
-4.656715393066406
-4.64550018310547
-4.734687805175781
-4.83989715576172
-4.909858703613282
-4.860191345214845
-4.946975708007813
-4.808921813964844
-4.648437500000001
-4.491958618164063
-4.479675292968751
-4.252166748046875
-4.010505676269532
-4.05670166015625
-4.117851257324219
-3.950424194335938
-3.6652374267578125
-3.6024856567382817
-3.641471862792969
-3.4841918945312504
-3.4940719604492188
-3.6337280273437504
-3.6871337890625004
-3.519706726074219
-3.559226989746094
-3.5792541503906254
-3.3803176879882817
-2.8895187377929688
-2.8486633300781254
-3.1474685668945312
-3.1071472167968754
-3.372306823730469
-3.6006164550781254
-3.5608291625976562
-3.435592651367188
-3.331451416015625
-3.389396667480469
-3.0443954467773438
-3.060417175292969
-3.090591430664063
-3.367767333984375
-3.4265136718750004
-3.4051513671875004
-3.5026168823242188
-3.9055633544921875
-3.977127075195313
-4.148559570312501
-4.648437500000001
-4.64202880859375
-4.435615539550782
-4.451904296875001
-4.4390869140625
-4.07726287841797
-4.065780639648438
-4.078063964843751
-4.111175537109375
-4.24602508544922
-4.217987060546875
-4.160575866699219
-3.9584350585937504
-4.336280822753906
-4.435882568359376
-4.4524383544921875
-4.375
-4.4994354248046875
-4.785690307617188
-4.722671508789063
-4.768867492675781
-4.393157958984375
-4.187278747558594
-3.738937377929688
-3.926925659179688
-4.109306335449219
-3.869781494140625
-3.771781921386719
-3.7862014770507817
-3.817977905273438
-3.926925659179688
-3.8975524902343754
-4.221992492675782
-4.461784362792969
-4.479675292968751
-4.655647277832031
-4.772338867187501
-5.531501770019532
-5.71147918701172
-6.026039123535156
-5.961151123046875
-5.587310791015625
-5.377693176269532
-5.470085144042969
-5.823631286621094
-6.074371337890626
-6.562232971191407
-6.941680908203126
-7.055435180664063
-7.229003906250001
-7.292823791503907
-7.368392944335938
-7.684822082519532
-8.068809509277344
-8.235435485839846
-8.328361511230469
-7.986297607421877
-8.141975402832033
-8.002853393554688
-7.818336486816407
-7.74089813232422
-7.47386932373047
-7.59349822998047
-7.777481079101563
-8.055458068847656
-8.14544677734375
-8.070678710937502
-7.774276733398438
-7.650108337402345
-7.408981323242188
-7.1398162841796875
-7.350234985351563
-7.259445190429688
-7.708587646484376
-9.044532775878908
-10.418128967285156
-11.788520812988283
-13.321800231933596
-14.209671020507814
-14.600868225097656
-14.402732849121094
-14.634246826171875
-14.262275695800783
-13.935699462890627
-15.29380798339844
-15.39207458496094
-14.169082641601562
-12.53673553466797
-10.75725555419922
-9.275245666503908
-8.10405731201172
-7.014312744140626
-6.31175994873047
-5.864753723144531
-5.080490112304688
-4.963798522949219
-4.901046752929688
-5.63323974609375
-6.887207031250001
-6.780128479003907
-6.161956787109376
-5.32482147216797
-4.782218933105469
-4.080467224121094
-3.731460571289063
-3.5525512695312504
-3.3397293090820317
-3.2970046997070317
-3.045730590820313
-2.804336547851563
-3.19793701171875
-3.252944946289063
-3.2681655883789067
-3.2019424438476567
-3.002738952636719
-2.7349090576171875
-2.679367065429688
-2.4969863891601562
-2.3741531372070312
-2.7212905883789067
-2.6972579956054688
-2.4689483642578125
-2.34344482421875
-2.101516723632813
-1.8510437011718752
-1.7955017089843752
-1.8347549438476562
-2.1925735473632817
-2.4692153930664067
-2.4809646606445317
-2.2272872924804688
-2.1613311767578125
-1.9575881958007815
-1.4181900024414065
-1.4841461181640627
-1.3533020019531252
-0.9805297851562501
-0.8056259155273439
-0.9936141967773439
-0.8884048461914064
-0.6683731079101562
-0.5279159545898439
-0.6357955932617189
-0.7749176025390626
-0.7725143432617189
-0.9065628051757814
-0.8587646484375001
-0.7909393310546876
-0.9014892578125001
-1.0718536376953125
-1.208038330078125
-1.2788009643554688
-1.3049697875976565
-1.6318130493164065
-1.9583892822265625
-1.7645263671875002
-1.5797424316406252
-1.3249969482421877
-1.4109802246093752
-1.3794708251953127
-1.6243362426757815
-1.6368865966796875
-1.5677261352539062
-1.8157958984375002
-1.9957733154296877
-2.015533447265625
-2.0611953735351562
-2.1557235717773438
-2.4489212036132812
-2.5447845458984375
-2.523155212402344
-2.4029922485351567
-2.462539672851563
-2.6529312133789062
-2.5204849243164062
-2.3340988159179688
-2.65960693359375
-2.652664184570313
-2.625961303710938
-2.812881469726563
-2.985649108886719
-2.900199890136719
-2.745590209960938
-2.7912521362304688
-2.621688842773438
-2.7698898315429688
-2.8323745727539067
-2.7159500122070312
-2.847862243652344
-2.964553833007813
-2.917289733886719
-3.250541687011719
-3.0748367309570317
-2.8334426879882817
-2.6401138305664062
-2.4748229980468754
-2.482566833496094
-2.6825714111328125
-2.8865814208984375
-2.9904556274414067
-3.101272583007813
-3.0406570434570312
-3.476982116699219
-3.4387969970703125
-3.706893920898438
-3.968048095703125
-3.8291931152343754
-4.046287536621094
-4.1127777099609375
-4.410781860351563
-4.357643127441407
-3.871383666992188
-3.5213088989257812
-3.5781860351562504
-3.795547485351563
-3.7627029418945317
-3.61236572265625
-3.8217163085937504
-3.6366653442382812
-4.0145111083984375
-4.188346862792969
-4.2254638671875
-4.163246154785157
-4.145889282226563
-3.8833999633789067
-3.735466003417969
-3.8056945800781254
-3.908767700195313
-4.009971618652344
-4.0203857421875
-4.082069396972657
-4.260978698730469
-4.235610961914063
-4.5458984375
-4.928550720214845
-5.160598754882813
-5.254859924316407
-5.370483398437501
-5.660743713378906
-5.713348388671876
-5.534706115722656
-5.368080139160156
-5.903205871582032
-6.074905395507813
-6.206016540527345
-6.272239685058595
-6.443672180175781
-6.537399291992188
-6.673583984375
-6.419639587402345
-5.7437896728515625
-5.17608642578125
-5.26927947998047
-5.216407775878906
-4.97447967529297
-5.186500549316407
-5.2428436279296875
-5.526695251464845
-6.322174072265626
-6.412963867187501
-5.816154479980469
-5.4393768310546875
-5.133895874023438
-4.798774719238281
-4.330940246582032
-4.547767639160156
-4.312248229980469
-4.171791076660157
-4.061241149902344
-4.196891784667969
-4.257240295410157
-4.081268310546875
-4.311981201171876
-4.462585449218751
-4.5859527587890625
-5.040702819824219
-5.167274475097657
-5.699462890625001
-6.388931274414063
-5.622825622558595
-5.289573669433594
-5.5643463134765625
-5.782508850097657
-5.598793029785156
-5.171546936035156
-5.102653503417969
-5.423889160156251
-5.339508056640625
-4.9234771728515625
-5.185165405273438
-4.814796447753906
-4.742965698242188
-4.967803955078126
-5.2364349365234375
-5.661277770996095
-5.604400634765625
-5.733375549316407
-5.902137756347656
-6.031379699707032
-6.142463684082032
-6.555824279785157
-6.599082946777344
-7.139015197753907
-7.82421112060547
-7.635421752929688
-7.801513671875001
-8.012466430664062
-8.25706481933594
-8.957214355468752
-9.411163330078127
-9.086990356445314
-9.065628051757812
-8.686981201171877
-8.567352294921875
-8.411674499511719
-8.540115356445314
-10.365257263183594
-9.743881225585938
-8.076019287109377
-7.139282226562501
-6.3932037353515625
-6.457290649414063
-6.9795989990234375
-7.269058227539063
-7.355575561523438
-6.03191375732422
-4.750442504882813
-4.95738983154297
-5.070610046386719
-4.965133666992188
-4.900779724121094
-5.098915100097656
-5.956611633300782
-5.690650939941407
-5.4863739013671875
-5.4030609130859375
-5.580635070800781
-5.569953918457031
-5.430564880371095
-5.577964782714845
-5.727233886718751
-5.992393493652345
-6.020431518554688
-5.9926605224609375
-6.470375061035156
-6.316299438476563
-5.603599548339844
-5.334434509277344
-5.213470458984375
-5.40172576904297
-5.58837890625
-5.16754150390625
-5.103187561035157
-5.061264038085938
-4.712257385253907
-4.478607177734376
-4.416389465332031
-4.674873352050781
-4.541893005371094
-5.113067626953126
-5.682373046875001
-5.761413574218751
-5.563545227050781
-4.400367736816407
-2.682037353515625
-2.9146194458007817
-3.452415466308594
-3.439598083496094
-3.9109039306640625
-4.0700531005859375
-4.134407043457032
-4.17205810546875
-4.632949829101563
-5.058593750000001
-5.1274871826171875
-6.908836364746095
-6.941680908203126
-5.817489624023438
-5.82683563232422
-6.1699676513671875
-6.46343231201172
-6.592674255371095
-6.895217895507813
-7.40550994873047
-7.829017639160158
-8.404998779296875
-8.478698730468752
-8.403930664062502
-8.252525329589846
-7.75157928466797
-7.471733093261719
-7.359046936035156
-7.338218688964844
-7.248229980468751
-7.29869842529297
-7.187080383300782
-6.858367919921875
-6.759567260742188
-6.709632873535156
-7.022056579589845
-6.861572265625001
-6.589202880859376
-8.51207733154297
-8.366546630859377
-6.934204101562501
-5.7790374755859375
-5.1915740966796875
-5.46234130859375
-5.665550231933594
-5.923500061035157
-6.064758300781251
-6.464233398437501
-5.839118957519531
-5.42095184326172
-5.153388977050781
-5.3517913818359375
-5.933914184570313
-6.112022399902345
-6.557159423828125
-7.253036499023438
-7.234077453613282
-6.838874816894532
-6.489868164062501
-6.270370483398438
-6.183853149414063
-6.5000152587890625
-6.749420166015626
-7.637290954589845
-7.79857635498047
-8.036766052246096
-8.191909790039062
-7.373733520507813
-7.14061737060547
-7.756652832031251
-6.771850585937501
-6.259422302246095
-5.972633361816406
-5.8484649658203125
-6.408691406250001
-6.883735656738282
-7.432746887207032
-7.214851379394532
-6.4807891845703125
-5.54271697998047
-4.8337554931640625
-3.700485229492188
-3.113822937011719
-3.2379913330078125
-3.158683776855469
-3.0887222290039062
-2.6211547851562504
-2.340507507324219
-2.330894470214844
-2.42889404296875
-2.5103378295898438
-2.4264907836914062
-2.434234619140625
-2.450523376464844
-2.2876358032226562
-2.3941802978515625
-2.6702880859375004
-2.726898193359375
-2.712211608886719
-2.509269714355469
-2.4972534179687504
-2.1685409545898438
-2.0892333984375004
-2.1642684936523438
-1.791496276855469
-1.6521072387695315
-1.4804077148437502
-1.5004348754882815
-1.4697265625000002
-1.3989639282226562
-1.388816833496094
-1.3041687011718752
-1.307373046875
-0.9423446655273439
-0.6443405151367189
-0.4307174682617188
-0.404815673828125
-0.42350769042968756
-0.22537231445312503
-0.37277221679687506
-0.4809188842773438
-0.37357330322265625
-0.2550125122070313
-0.5834579467773439
-0.6678390502929689
-0.6398010253906251
-0.8066940307617189
-0.6632995605468751
-0.7260513305664062
-1.4291381835937502
-1.7666625976562502
-1.900444030761719
-2.273216247558594
-2.746658325195313
-2.7095413208007817
-3.1082153320312504
-3.671646118164063
-4.142417907714844
-4.93816375732422
-5.159797668457032
-6.306953430175782
-7.58922576904297
-8.195114135742188
-7.940902709960938
-8.47709655761719
-9.17938232421875
-9.780197143554688
-11.304664611816408
-11.685447692871096
-11.676902770996094
-10.030937194824219
-8.110733032226564
-6.945686340332032
-6.479721069335938
-5.135498046875001
-3.478050231933594
-1.912193298339844
-1.6737365722656252
-1.7578506469726565
-1.0689163208007815
-0.9412765502929689
-1.274261474609375
-1.051292419433594
-1.103363037109375
-0.8576965332031251
-0.7100296020507814
-1.1220550537109377
-1.0259246826171875
-1.107635498046875
-1.173858642578125
-1.2972259521484377
-1.3143157958984375
-1.166648864746094
-1.2139129638671875
-1.641960144042969
-1.83502197265625
-1.8400955200195315
-1.7695999145507815
-1.9140625000000002
-2.011260986328125
-2.233428955078125
-2.130889892578125
-2.2582626342773438
-2.246246337890625
-2.2529220581054688
-2.405662536621094
-2.0579910278320312
-1.9402313232421877
-1.9575881958007815
-2.33489990234375
-2.7431869506835938
-2.8937911987304688
-2.938919067382813
-2.6232910156250004
-2.5375747680664062
-2.4553298950195317
-2.500457763671875
-2.8580093383789062
-2.3784255981445312
-2.5941848754882817
-2.54852294921875
-2.236900329589844
-1.974945068359375
-2.6721572875976567
-3.3525466918945317
-3.3138275146484375
-3.390464782714844
-3.2126235961914067
-3.2809829711914062
-3.6318588256835938
-4.061775207519532
-3.816375732421875
-3.7368011474609375
-3.6219787597656254
-3.483657836914063
-3.545074462890625
-3.334121704101563
-3.6612319946289067
-3.798484802246094
-3.9309310913085938
-4.100761413574219
-3.9317321777343754
-3.8996887207031254
-3.857498168945313
-3.557090759277344
-3.4265136718750004
-3.3154296875000004
-2.7984619140625
-2.822494506835938
-2.6774978637695317
-2.5471878051757812
-2.5559997558593754
-2.451324462890625
-2.1319580078125004
-2.2475814819335938
-2.446250915527344
-2.472152709960938
-2.3106002807617188
-2.576560974121094
-2.7626800537109375
-2.4969863891601562
-2.42889404296875
-2.4801635742187504
-2.68310546875
-3.1966018676757812
-3.112754821777344
-3.284988403320313
-3.428916931152344
-3.3432006835937504
-3.186454772949219
-3.464164733886719
-3.787002563476563
-4.170722961425782
-4.825477600097656
-5.155525207519532
-5.2631378173828125
-5.82256317138672
-6.100807189941407
-6.80736541748047
-7.528610229492188
-8.545722961425781
-8.742256164550781
-8.4124755859375
-8.104591369628906
-8.075218200683596
-8.011665344238281
-7.981758117675782
-7.210578918457032
-7.208709716796876
-7.576675415039063
-8.107528686523438
-9.698753356933596
-11.853675842285158
-11.312675476074219
-10.153503417968752
-9.418640136718752
-8.58390808105469
-7.991905212402345
-7.815132141113281
-8.284034729003906
-8.498458862304688
-8.624763488769533
-8.273086547851564
-8.270950317382814
-7.79430389404297
-7.598037719726563
-7.379341125488282
-7.59777069091797
-8.178024291992188
-8.316612243652344
-8.040771484375
-7.91179656982422
-8.13262939453125
-8.010597229003908
-8.01006317138672
-7.934226989746095
-7.787094116210938
-7.720870971679688
-7.72808074951172
-7.403106689453126
-7.4324798583984375
-7.461853027343751
-7.27813720703125
-7.147293090820313
-7.046089172363282
-7.064781188964845
-7.445831298828125
-7.8063201904296875
-7.893371582031251
-7.996444702148438
-7.547035217285156
-7.503242492675782
-7.397766113281251
-7.395095825195313
-7.772407531738282
-7.676010131835938
-7.418327331542969
-7.472801208496095
-7.199630737304688
-6.798019409179688
-6.6335296630859375
-6.820983886718751
-7.07653045654297
-6.956100463867188
-7.011375427246095
-7.003097534179688
-6.94915771484375
-6.633262634277345
-6.652488708496094
-6.780929565429688
-6.841011047363282
-6.684532165527345
-6.795616149902344
-6.941146850585938
-7.057838439941406
-6.822853088378907
-6.794281005859376
-6.6762542724609375
-6.742744445800782
-6.65569305419922
-6.46770477294922
-6.646080017089845
-6.430320739746094
-6.613502502441406
-6.8289947509765625
-6.731529235839844
-6.6677093505859375
-6.510429382324219
-6.403083801269532
-6.62872314453125
-6.673316955566407
-6.385459899902344
-6.658630371093751
-6.439933776855469
-6.152076721191407
-6.407623291015626
-6.5619659423828125
-6.202011108398438
-6.106147766113281
-6.307220458984375
-6.36089324951172
-6.515769958496095
-6.323509216308594
-6.2500762939453125
-6.0706329345703125
-5.944595336914063
-5.956878662109376
-5.806274414062501
-6.07891082763672
-6.163558959960938
-6.496009826660156
-6.517906188964844
-6.425781250000001
-6.327514648437501
-6.122970581054688
-6.043128967285156
-6.153144836425782
-5.81829071044922
-5.93791961669922
-6.170768737792969
-5.87169647216797
-5.966758728027344
-5.957145690917969
-6.02764129638672
-5.872230529785157
-5.549392700195313
-5.960884094238282
-5.780906677246094
-5.56060791015625
-5.5413818359375
-5.682907104492188
-5.393447875976563
-5.210266113281251
-5.248985290527345
-5.144844055175781
-5.28636932373047
-5.601463317871094
-5.48503875732422
-5.43590545654297
-5.339241027832031
-5.20599365234375
-5.59185028076172
-5.768890380859376
-5.6348419189453125
-5.674896240234375
-5.767555236816406
-6.026306152343751
-6.007881164550781
-6.050071716308595
-5.997467041015625
-5.906944274902345
-5.803070068359376
-5.999069213867188
-5.976104736328126
-6.274375915527345
-6.266365051269531
-6.306419372558594
-6.250877380371094
-6.136322021484376
-6.053810119628907
-6.363563537597656
-6.607894897460938
-6.606025695800782
-6.67278289794922
-6.428184509277345
-6.332321166992188
-6.277580261230469
-6.279716491699219
-6.249542236328126
-6.279716491699219
-6.261291503906251
-6.218833923339845
-6.3291168212890625
-6.2767791748046875
-6.07250213623047
-6.086654663085938
-6.034851074218751
-5.581703186035156
-5.639915466308594
-6.13872528076172
-6.321105957031251
-6.441001892089845
-6.399879455566406
-6.69414520263672
-6.616706848144532
-6.8460845947265625
-7.174530029296876
-7.194290161132813
-7.256507873535157
-7.393226623535157
-8.103523254394533
-7.756118774414063
-7.417793273925782
-7.242355346679688
-7.364387512207032
-7.471199035644532
-7.631416320800782
-7.850379943847657
-8.105926513671875
-8.064002990722658
-8.102188110351562
-8.109931945800783
-7.945442199707033
-7.769737243652345
-8.171348571777344
-8.496055603027344
-8.457336425781252
-8.319015502929688
-8.56468200683594
-8.568687438964844
-8.530769348144533
-8.52916717529297
-8.47576141357422
-8.02848815917969
-8.038101196289064
-8.401260375976562
-8.35186004638672
-8.090438842773438
-8.250122070312502
-8.399124145507812
-8.361740112304688
-8.242378234863281
-8.245582580566406
-8.325691223144531
-7.979087829589844
-8.351325988769531
-8.776702880859375
-8.450660705566408
-8.639450073242188
-8.787651062011719
-8.725166320800781
-8.717422485351564
-8.659477233886719
-8.502464294433596
-8.60179901123047
-8.54331970214844
-8.618621826171875
-8.719558715820312
-8.913421630859377
-9.037857055664064
-8.776702880859375
-8.842391967773438
-8.586578369140625
-8.376693725585938
-8.399658203125
-8.45439910888672
-8.334503173828125
-8.308868408203127
-7.992172241210939
-8.278694152832031
-8.674163818359375
-8.332366943359375
-7.944641113281251
-7.899246215820313
-7.9032516479492205
-7.778549194335938
-7.866668701171876
-8.100852966308594
-7.78148651123047
-7.855720520019533
-7.998046875000001
-8.272285461425781
-8.24638366699219
-7.965736389160156
-7.914199829101563
-8.042106628417969
-8.22021484375
-8.174018859863281
-8.22368621826172
-8.379898071289064
-8.510475158691408
-8.317413330078125
-8.36681365966797
-8.302459716796875
-8.309669494628908
-8.37028503417969
-8.366279602050781
-8.341178894042969
-8.293113708496096
-8.085899353027344
-7.999916076660156
-7.820472717285157
-7.981758117675782
-8.280830383300781
-8.237838745117188
-8.013267517089844
-7.659187316894532
-7.8597259521484375
-7.674140930175782
-7.528076171875001
-7.369461059570313
-7.336616516113282
-7.094688415527345
-7.079200744628907
-6.908836364746095
-6.92699432373047
-7.056503295898438
-6.767578125000001
-6.65435791015625
-6.753425598144532
-6.57878875732422
-6.498413085937501
-6.402015686035157
-6.273040771484375
-6.277046203613282
-6.502685546875
-6.596679687500001
-6.70269012451172
-6.503486633300782
-6.324844360351563
-6.079711914062501
-6.131782531738281
-6.28612518310547
-6.37157440185547
-6.156349182128907
-6.365966796875001
-6.346473693847656
-6.4711761474609375
-6.68132781982422
-6.455955505371094
-6.491737365722657
-6.74541473388672
-6.62792205810547
-6.693878173828126
-6.560096740722656
-6.785469055175782
-6.92058563232422
-6.645278930664063
-6.504554748535156
-6.5267181396484375
-6.803092956542969
-7.224197387695313
-7.179603576660157
-7.223663330078125
-6.925392150878907
-6.7403411865234375
-6.767578125000001
-6.980133056640626
-7.038345336914063
-7.301101684570313
-7.519264221191406
-7.329139709472657
-7.089614868164063
-7.319526672363282
-7.441291809082032
-7.726745605468751
-7.77507781982422
-7.509651184082032
-7.514724731445313
-7.649040222167969
-7.483482360839845
-7.379608154296876
-7.061042785644532
-7.505378723144532
-7.453308105468751
-7.563858032226563
-7.633285522460938
-7.34355926513672
-7.402305603027345
-7.774276733398438
-8.123550415039064
-8.311805725097658
-8.109931945800783
-7.750244140625001
-8.210334777832033
-8.351325988769531
-8.353729248046875
-8.423423767089844
-8.361740112304688
-8.089103698730469
-8.270683288574219
-8.444252014160156
-8.806877136230469
-8.648262023925781
-8.734245300292969
-8.869361877441406
-9.04613494873047
-8.901405334472658
-8.77696990966797
-8.434906005859377
-8.409805297851564
-8.434638977050781
-8.551864624023438
-8.61541748046875
-8.43437194824219
-8.041038513183596
-7.768936157226563
-9.349746704101562
-8.882713317871094
-8.468017578125
-8.326225280761719
-8.473892211914062
-8.585510253906252
-8.530769348144533
-8.653602600097658
-8.587913513183596
-8.905677795410156
-8.567352294921875
-8.202056884765627
-7.933692932128906
-8.046112060546877
-8.200721740722656
-8.035964965820314
-7.814064025878907
-7.89257049560547
-7.921943664550781
-7.861061096191406
-7.773742675781251
-7.903785705566407
-7.935028076171876
-8.036766052246096
-8.014602661132812
-7.861595153808595
-7.702713012695313
-7.716331481933595
-7.594299316406251
-7.59990692138672
-7.703781127929688
-7.885894775390626
-7.854919433593751
-7.8255462646484375
-7.697639465332031
-7.781753540039063
-7.615394592285157
-7.806587219238282
-7.748641967773438
-7.62420654296875
-7.568130493164063
-7.75371551513672
-7.45037078857422
-7.439956665039063
-7.468528747558595
-7.376937866210938
-7.3256683349609375
-7.44823455810547
-7.702980041503907
-7.8826904296875
-7.652244567871095
-7.668533325195313
-7.673072814941407
-7.531013488769532
-7.677879333496095
-7.679481506347656
-7.689361572265626
-7.667732238769532
-7.686691284179688
-7.92675018310547
-7.780418395996095
-7.528343200683595
-7.828216552734376
-7.761459350585938
-7.836494445800783
-7.859191894531251
-7.73448944091797
-7.99163818359375
-7.642097473144532
-7.530479431152345
-7.565193176269532
-7.546768188476563
-7.32219696044922
-7.399101257324219
-7.445297241210938
-7.73235321044922
-7.337150573730469
-6.906967163085938
-7.278671264648438
-7.049560546875001
-6.109085083007813
-6.933670043945313
-6.3643646240234375
-6.741142272949219
-7.381744384765626
-6.847152709960938
-7.031402587890626
-6.99748992919922
-7.124061584472657
-6.99321746826172
-6.934204101562501
-6.975059509277345
-6.890411376953126
-6.959838867187501
-6.792144775390626
-6.379852294921875
-6.429786682128907
-6.586799621582031
-6.744346618652345
-6.878128051757813
-6.895217895507813
-6.93126678466797
-6.733398437500001
-6.672248840332032
-7.259178161621095
-7.141418457031251
-7.312850952148438
-7.128868103027345
-7.359580993652345
-7.374267578125001
-7.025794982910157
-7.004966735839845
-6.875190734863282
-7.063980102539063
-7.0426177978515625
-7.030067443847656
-7.141151428222657
-7.18841552734375
-7.1131134033203125
-7.037811279296875
-6.703758239746095
-6.826324462890626
-6.958236694335938
-6.822853088378907
-7.275199890136719
-6.908569335937501
-7.090415954589845
-7.39696502685547
-7.17132568359375
-7.092819213867188
-7.154769897460938
-6.770248413085938
-7.124862670898438
-7.257575988769532
-7.41191864013672
-7.337417602539063
-7.344360351562501
-7.28160858154297
-7.049827575683595
-7.052764892578126
-7.22820281982422
-7.02312469482422
-6.982002258300782
-7.505912780761719
-7.646636962890626
-7.609252929687501
-7.521934509277345
-7.559852600097657
-7.887496948242188
-7.968139648437501
-7.758522033691407
-7.538490295410157
-7.447700500488282
-7.403106689453126
-7.575340270996095
-7.754249572753907
-8.118743896484375
-8.439178466796875
-8.578834533691408
-8.390045166015625
-8.193511962890625
-8.108062744140625
-8.081626892089844
-7.9515838623046875
-8.035697937011719
-7.7539825439453125
-7.946510314941406
-7.574005126953126
-7.9131317138671875
-7.706184387207031
-6.8898773193359375
-7.0159149169921875
-6.924591064453126
-7.9566574096679705
-8.24211120605469
-7.515792846679688
-7.43114471435547
-7.319793701171876
-7.146759033203126
-7.711524963378907
-7.562789916992188
-7.5136566162109375
-7.662391662597656
-7.199630737304688
-7.719535827636719
-8.053321838378906
-8.098716735839844
-7.825012207031251
-7.877349853515625
-7.760658264160156
-7.794036865234375
-7.840499877929688
-7.700042724609376
-7.739028930664063
-7.786293029785156
-7.764396667480469
-7.795639038085938
-7.828483581542969
-7.857055664062501
-7.712326049804688
-7.688827514648438
-7.8690719604492205
-7.814865112304688
-7.861328125000001
-7.745971679687501
-7.588157653808595
-7.437019348144532
-7.525405883789063
-7.79216766357422
-7.880554199218751
-8.12034606933594
-7.764396667480469
-8.015403747558594
-8.307533264160156
-8.482704162597656
-8.713684082031252
-8.924636840820314
-8.719291687011719
-8.576698303222658
-8.599929809570312
-8.31687927246094
-8.5791015625
-8.618621826171875
-8.974571228027344
-8.96575927734375
-8.919029235839844
-9.083518981933594
-8.988723754882812
-9.201812744140627
-9.550552368164064
-9.868316650390625
-10.182876586914062
-10.238952636718752
-10.231742858886719
-10.254173278808594
-10.30303955078125
-10.136680603027346
-9.91558074951172
-10.20610809326172
-10.389556884765627
-10.52440643310547
-10.33721923828125
-10.298233032226564
-10.568466186523438
-10.513191223144533
-10.468330383300781
-10.563392639160156
-10.931091308593752
-10.948181152343752
-10.965270996093752
-11.01654052734375
-10.812797546386719
-10.50010681152344
-10.654449462890627
-10.790901184082033
-10.916404724121094
-10.78155517578125
-10.434150695800783
-10.108642578125
-10.217323303222658
-10.241622924804688
-10.139350891113283
-9.940948486328125
-9.924125671386719
-10.929756164550781
-10.932693481445312
-10.922279357910158
-11.021881103515625
-11.200523376464844
-10.921211242675783
-10.44456481933594
-10.330810546875002
-10.254173278808594
-10.160980224609377
-10.3521728515625
-11.1041259765625
-9.904365539550783
-9.503021240234377
-10.207710266113283
-9.608230590820314
-9.34440612792969
-9.763107299804688
-9.8223876953125
-9.862976074218752
-9.344673156738281
-9.462966918945314
-9.676322937011719
-9.666175842285158
-9.891014099121096
-9.851226806640625
-9.89849090576172
-9.811439514160156
-9.517173767089846
-9.444541931152346
-9.96818542480469
-10.879821777343752
-10.093955993652344
-9.14947509765625
-8.67362976074219
-10.07926940917969
-10.62614440917969
-8.734779357910158
-9.13585662841797
-9.96685028076172
-9.359626770019531
-9.054679870605469
-9.206619262695312
-8.790321350097658
-9.100341796875002
-9.25628662109375
-9.073371887207031
-9.103012084960938
-9.030113220214844
-8.878440856933596
-9.07257080078125
-8.68858337402344
-8.425827026367188
-8.137969970703125
-8.656005859375002
-8.719024658203127
-8.335838317871094
-8.179359436035156
-7.845573425292969
-7.62420654296875
-8.27362060546875
-8.093109130859377
-7.804450988769531
-7.587356567382813
-7.267456054687501
-7.596168518066407
-7.795104980468751
-7.291221618652345
-7.230873107910157
-7.40550994873047
-7.512054443359376
-7.397766113281251
-7.05516815185547
-7.210845947265626
-7.253036499023438
-7.666931152343751
-7.638092041015626
-7.561187744140626
-7.545433044433595
-7.888031005859376
-8.405799865722656
-8.267745971679688
-8.227424621582031
-8.2073974609375
-8.22582244873047
-7.894973754882813
-7.765731811523438
-7.897644042968751
-8.153724670410158
-8.104324340820312
-7.859191894531251
-7.848243713378907
-7.990837097167969
-7.634353637695313
-7.450904846191407
-7.945175170898438
-7.571334838867188
-7.52941131591797
-7.068786621093751
-6.950759887695313
-6.961975097656251
-6.628990173339845
-6.6944122314453125
-6.434860229492188
-6.619911193847657
-6.630592346191406
-5.9114837646484375
-5.731239318847656
-5.650596618652345
-6.210823059082031
-6.426582336425781
-6.258087158203126
-6.453285217285156
-6.606292724609376
-6.750755310058594
-6.932334899902345
-6.977996826171876
-6.736335754394531
-7.149963378906251
-7.535552978515625
-7.64476776123047
-7.310447692871094
-7.228736877441407
-7.406311035156251
-7.715530395507813
-7.9854965209960955
-8.026885986328127
-8.180160522460938
-8.266143798828125
-8.249053955078125
-8.396186828613281
-8.329963684082031
-8.437042236328127
-8.335571289062502
-8.295783996582031
-8.27842712402344
-8.123550415039064
-7.876815795898438
-8.159065246582033
-8.285369873046875
-8.39031219482422
-8.15959930419922
-8.051986694335938
-8.38310241699219
-8.576164245605469
-8.274154663085938
-8.050117492675783
-7.862129211425782
-7.808189392089845
-7.618865966796876
-7.968406677246095
-7.982559204101564
-8.026618957519531
-7.9320907592773455
-7.822608947753906
-7.777748107910156
-7.503242492675782
-7.737159729003907
-7.829551696777345
-7.9587936401367205
-8.053321838378906
-7.840766906738282
-7.452507019042969
-7.176933288574219
-7.420196533203125
-7.50030517578125
-7.38628387451172
-6.98040008544922
-6.896286010742188
-6.737403869628906
-6.748352050781251
-6.62151336669922
-6.35234832763672
-6.002006530761719
-6.297340393066407
-6.402549743652344
-6.520042419433594
-6.6094970703125
-6.520576477050782
-6.480255126953126
-6.4199066162109375
-6.193466186523438
-6.48052215576172
-6.62151336669922
-6.3130950927734375
-6.407623291015626
-6.3120269775390625
-6.294403076171876
-6.5171051025390625
-6.745681762695313
-6.520576477050782
-6.312828063964845
-6.990013122558594
-7.047157287597657
-6.965713500976563
-6.749153137207032
-7.167587280273438
-7.34783172607422
-7.268524169921875
-7.662124633789063
-7.697906494140626
-7.481079101562501
-7.527809143066407
-7.831153869628907
-7.8594589233398455
-7.822875976562501
-7.89257049560547
-7.879486083984377
-7.825012207031251
-7.822875976562501
-8.033294677734375
-7.925949096679688
-7.696838378906251
-7.710990905761719
-7.8498458862304705
-8.190040588378908
-7.9587936401367205
-7.751312255859376
-7.614326477050782
-7.43328094482422
-7.372932434082032
-7.577743530273438
-7.767333984375
-7.933158874511719
-8.135032653808594
-8.33049774169922
-8.809547424316408
-8.945732116699219
-9.31449890136719
-9.436531066894531
-9.546813964843752
-9.893150329589846
-10.253372192382812
-10.166320800781252
-10.357246398925781
-10.810394287109375
-10.918540954589846
-10.798377990722658
-10.672874450683596
-10.653381347656252
-10.911331176757812
-10.718536376953125
-10.72093963623047
-10.637626647949219
-10.353507995605469
-10.45604705810547
-10.398902893066406
-10.112380981445312
-10.258979797363283
-9.986343383789062
-9.767379760742188
-9.658699035644533
-9.547615051269533
-9.51957702636719
-9.849891662597656
-9.870452880859377
-9.915046691894531
-9.870986938476564
-9.81090545654297
-9.612770080566408
-9.353485107421875
-9.43840026855469
-9.43412780761719
-9.523048400878908
-9.524917602539062
-9.596214294433594
-9.52598571777344
-9.29100036621094
-8.879776000976562
-8.981246948242188
-9.017562866210938
-9.229049682617188
-9.509963989257812
-9.932403564453127
-9.9078369140625
-9.685668945312502
-9.700088500976562
-9.932136535644531
-10.104637145996096
-10.425872802734377
-10.766334533691408
-10.853652954101564
-10.738830566406252
-10.351905822753906
-10.526809692382814
-10.820274353027346
-11.374092102050781
-11.361274719238283
-10.853118896484377
-10.551910400390627
-10.515327453613281
-10.931091308593752
-11.134834289550783
-11.806945800781252
-11.869964599609377
-11.469421386718752
-10.862197875976564
-10.738830566406252
-11.239776611328125
-11.938591003417969
-11.805076599121094
-11.720962524414064
-11.913757324218752
-12.069969177246094
-12.303352355957033
-12.304420471191406
-11.716690063476564
-11.924705505371096
-12.17144012451172
-12.032852172851562
-11.71562194824219
-11.485443115234375
-11.568756103515627
-11.74285888671875
-11.573829650878906
-11.461944580078127
-11.420555114746096
-11.261672973632814
-11.05205535888672
-10.525474548339844
-9.867782592773438
-9.824790954589844
-10.251502990722658
-10.37834167480469
-10.46806335449219
-9.972724914550783
-9.533729553222656
-10.0360107421875
-10.173263549804688
-10.189552307128906
-10.363655090332033
-10.919876098632814
-11.196250915527344
-10.770874023437502
-10.197830200195312
-9.942550659179688
-9.97325897216797
-9.737739562988281
-9.849891662597656
-10.227470397949219
-10.450439453125002
-10.422134399414064
-10.210380554199219
-10.390357971191408
-10.497703552246096
-10.565261840820314
-10.487556457519533
-10.426673889160158
-10.372467041015627
-10.454444885253906
-10.390625
-10.151367187500002
-10.005569458007812
-10.000495910644531
-9.661369323730469
-9.495811462402346
-9.148139953613281
-8.928108215332033
-9.446678161621096
-9.575386047363281
-9.845352172851562
-9.752693176269531
-9.703025817871094
-9.449615478515627
-9.43199157714844
-9.303550720214846
-9.068832397460938
-8.788986206054688
-8.989524841308594
-9.350547790527344
-9.179649353027346
-8.983116149902346
-9.850959777832033
-10.184211730957033
-10.311584472656252
-10.441627502441406
-10.136947631835938
-10.029602050781252
-10.311851501464844
-10.440559387207033
-10.340156555175781
-10.066184997558596
-10.069389343261719
-9.710769653320314
-10.010910034179688
-9.836273193359377
-9.49981689453125
-9.0234375
-9.309425354003908
-9.391670227050783
-9.13505554199219
-8.624229431152346
-8.529968261718752
-8.602066040039062
-8.773765563964846
-8.858413696289064
-8.361473083496096
-8.21300506591797
-8.067474365234375
-8.13823699951172
-8.600463867187502
-8.445053100585938
-8.537979125976564
-8.91716003417969
-8.3441162109375
-8.231697082519533
-8.496322631835938
-8.498458862304688
-8.560943603515627
-8.996734619140625
-9.22771453857422
-9.133186340332031
-8.908348083496096
-8.84613037109375
-8.885383605957031
-8.660278320312502
-8.736114501953127
-8.966560363769531
-8.843193054199219
-8.930511474609377
-9.163894653320312
-9.167633056640627
-8.984718322753908
-9.507293701171875
-9.654693603515625
-9.510765075683594
-9.367370605468752
-9.380455017089844
-9.242935180664062
-9.12864685058594
-9.194335937500002
-9.167633056640627
-9.214897155761719
-9.211959838867188
-8.97056579589844
-8.93638610839844
-8.775634765625
-9.066696166992188
-8.968162536621096
-9.027976989746094
-8.636779785156252
-8.442916870117188
-8.469886779785158
-8.278961181640625
-8.297920227050781
-8.153457641601562
-8.433837890625
-8.545722961425781
-8.186836242675781
-7.879753112792969
-7.670936584472656
-7.053031921386719
-7.016448974609376
-7.48668670654297
-7.708053588867188
-7.723274230957032
-7.4506378173828125
-7.412185668945313
-7.314453125000001
-7.51445770263672
-7.447433471679688
-7.475471496582031
-8.075485229492188
-8.202323913574219
-8.736381530761719
-9.14787292480469
-9.529457092285156
-10.011711120605469
-10.569534301757814
-10.88623046875
-10.838966369628908
-10.493965148925783
-9.627456665039062
-9.36576843261719
-8.642387390136719
-8.329429626464844
-8.653869628906252
-8.568687438964844
-8.204727172851562
-8.390579223632814
-8.826904296875
-8.537178039550783
-8.608474731445314
-9.577789306640625
-10.619735717773438
-9.870986938476564
-9.340400695800781
-9.045066833496094
-8.58043670654297
-8.369750976562502
-8.628501892089846
-8.052520751953125
-7.891769409179688
-7.451171875000001
-7.00603485107422
-6.763572692871095
-6.41643524169922
-6.396408081054688
-6.019630432128907
-5.67943572998047
-5.7293701171875
-5.979042053222657
-5.753669738769532
-5.487709045410157
-5.517883300781251
-5.4927825927734375
-5.348854064941406
-5.199317932128906
-4.944839477539063
-4.8529815673828125
-4.8177337646484375
-4.837493896484376
-4.493560791015625
-4.007301330566406
-3.9047622680664067
-3.942413330078125
-3.925857543945313
-3.9677810668945317
-3.5020828247070317
-2.8980636596679688
-2.6187515258789062
-2.025680541992188
-1.8280792236328125
-1.9092559814453127
-2.0737457275390625
-2.237968444824219
-2.42889404296875
-2.447052001953125
-2.4371719360351567
-2.019805908203125
-2.0262145996093754
-2.1501159667968754
-2.268943786621094
-2.5111389160156254
-2.2486495971679688
-2.077751159667969
-2.33489990234375
-2.0083236694335938
-1.810722351074219
-1.6350173950195312
-1.5840148925781252
-1.481742858886719
-1.6240692138671877
-1.931419372558594
-2.0315551757812504
-1.9455718994140627
-1.6246032714843752
-1.67266845703125
-1.7201995849609377
-1.9546508789062504
-2.3768234252929688
-2.494316101074219
-2.209396362304688
-2.714347839355469
-3.185386657714844
-3.348007202148438
-3.6046218872070317
-3.7360000610351567
-3.9659118652343754
-4.23748016357422
-4.305305480957032
-4.055900573730469
-4.034004211425781
-4.220924377441406
-4.454307556152344
-4.6612548828125
-4.90264892578125
-4.920539855957031
-4.899177551269532
-4.670867919921875
-4.279937744140625
-4.283142089843751
-4.278335571289063
-4.045753479003907
-4.382209777832032
-4.575538635253906
-4.751510620117188
-4.8882293701171875
-4.936561584472657
-5.011062622070313
-5.2508544921875
-5.732040405273438
-5.912017822265626
-6.114425659179688
-6.33953094482422
-6.622314453125001
-6.5667724609375
-6.808700561523438
-6.88854217529297
-7.163314819335938
-7.026329040527344
-6.923789978027345
-7.1120452880859375
-7.2455596923828125
-6.9091033935546875
-6.535530090332032
-6.2319183349609375
-6.57451629638672
-6.456489562988282
-6.200942993164063
-5.787048339843751
-5.955810546875001
-5.8303070068359375
-6.080780029296876
-6.2223052978515625
-6.096801757812501
-6.063957214355469
-6.108283996582032
-5.931243896484376
-5.897064208984375
-6.046600341796876
-6.42498016357422
-6.7403411865234375
-6.837806701660157
