-8.815689086914062
-7.571334838867188
-6.204681396484376
-7.037277221679688
-8.72142791748047
-8.69071960449219
-7.466926574707031
-6.143798828125001
-7.08721160888672
-8.862419128417969
-8.857345581054688
-7.512054443359376
-6.082649230957032
-7.03380584716797
-8.918495178222658
-8.91502380371094
-7.602577209472657
-6.342201232910157
-7.314453125000001
-9.017295837402346
-8.864822387695312
-7.595367431640626
-6.176376342773438
-7.019119262695313
-8.720893859863281
-8.595123291015627
-7.412452697753906
-6.127243041992188
-7.071723937988282
-8.787651062011719
-8.717689514160158
-7.518463134765626
-6.192398071289063
-7.156372070312501
-8.877639770507814
-8.928642272949219
-7.768936157226563
-6.440467834472657
-7.436485290527345
-9.29527282714844
-9.178848266601564
-7.983894348144532
-6.617240905761719
-7.574539184570313
-9.335594177246096
-9.234123229980469
-7.944908142089844
-6.465301513671876
-7.280807495117188
-9.115562438964844
-9.236259460449219
-7.938232421875
-6.347541809082032
-7.310447692871094
-10.83763122558594
0.18798828125
11.26220703125
3.7392044067382817
-4.481010437011719
-10.983963012695312
0.107879638671875
11.229629516601562
3.671379089355469
-4.650573730468751
-10.851249694824219
0.22537231445312503
11.17515563964844
3.597946166992188
-4.517326354980469
-10.84484100341797
0.1351165771484375
11.063270568847656
3.5429382324218754
-4.4171905517578125
-10.362319946289062
-0.16368865966796878
10.692634582519531
3.373641967773438
-4.76085662841797
-10.904655456542969
0.17784118652343753
10.83763122558594
3.1787109375000004
-4.760055541992188
-10.636558532714846
0.8435440063476564
11.275291442871096
3.4294509887695317
-4.6500396728515625
-10.5316162109375
0.31803131103515625
10.72868347167969
2.9004669189453125
-4.958190917968751
-10.618934631347656
0.18505096435546878
10.539894104003908
3.0502700805664067
-4.698638916015625
-10.531349182128908
0.27690887451171875
10.444297790527346
2.6614761352539062
-4.7568511962890625
-10.46592712402344
-0.05714416503906251
9.9249267578125
2.4889755249023438
-4.722938537597657
-10.370597839355469
0.18371582031250003
10.119590759277346
2.5568008422851567
-4.809722900390626
-10.362586975097658
0.06969451904296876
9.821853637695314
2.090568542480469
-5.186767578125
-10.443229675292969
0.11188507080078126
9.703559875488281
1.9963073730468752
-4.971275329589844
-10.05523681640625
0.2939987182617188
9.861640930175781
2.1765518188476562
-4.986228942871095
-10.30437469482422
0.19973754882812503
9.80663299560547
2.0473098754882812
-5.183563232421876
-10.429878234863281
0.027770996093750003
9.535331726074219
1.7784118652343752
-5.231361389160157
-10.422668457031252
0.2998733520507813
9.836273193359377
1.9778823852539062
-5.19878387451172
-10.266990661621096
0.2731704711914063
9.728660583496096
1.8750762939453125
-4.979286193847657
-10.212783813476564
0.36956787109375006
9.924392700195314
2.1338272094726562
-4.777679443359375
-10.143623352050781
0.30521392822265625
9.660835266113281
1.8120574951171877
-5.032691955566407
-10.336952209472658
0.22724151611328128
9.654693603515625
1.766929626464844
-4.88555908203125
-10.093955993652344
0.310821533203125
9.792747497558594
2.035293579101563
-4.902915954589845
-10.139884948730469
0.44033050537109375
9.903030395507814
2.133560180664063
-4.6500396728515625
-9.941215515136719
0.5877304077148439
9.970855712890625
2.230758666992188
-4.838294982910157
-9.942817687988283
0.41442871093750006
9.85443115234375
2.043838500976563
-5.095977783203125
-10.139617919921877
0.5223083496093751
10.02666473388672
2.1039199829101567
-5.170211791992188
-10.336418151855469
0.34713745117187506
10.048828125000002
2.3554611206054688
-4.765663146972657
-10.011444091796875
0.6451416015625
10.163917541503908
2.3493194580078125
-4.8348236083984375
-10.139083862304688
0.6851959228515625
10.317459106445314
2.5963211059570312
-4.619598388671876
-10.134277343750002
0.5401992797851562
10.544433593750002
2.6839065551757812
-4.457778930664063
-9.727058410644533
0.919647216796875
10.551109313964846
2.623558044433594
-4.728546142578126
-10.032806396484377
0.6910705566406251
10.34149169921875
2.606468200683594
-4.569129943847657
-10.073394775390627
0.6552886962890626
10.331077575683596
2.6379776000976567
-4.519729614257813
-10.161247253417969
0.3639602661132813
10.083274841308596
2.3543930053710938
-4.9256134033203125
-10.322532653808596
0.6082916259765625
10.30437469482422
2.417678833007813
-4.968605041503907
-10.32360076904297
0.5962753295898438
10.30570983886719
2.5397109985351567
-4.570999145507813
-9.999160766601564
0.8256530761718751
10.463523864746096
2.653732299804688
-4.613990783691407
-10.037078857421877
0.7164382934570314
10.240020751953125
2.4895095825195312
-4.8236083984375
-10.371932983398438
0.33271789550781256
10.190086364746096
2.4312973022460938
-4.980621337890625
-10.47019958496094
0.36743164062500006
9.885406494140625
1.9784164428710938
-5.514678955078125
-10.974349975585938
-0.167694091796875
9.707298278808594
1.822471618652344
-5.54698944091797
-10.789566040039062
0.024299621582031253
9.495010375976564
1.5100479125976562
-5.654869079589844
-10.885162353515627
-0.15380859375000003
9.308357238769531
1.4101791381835938
-5.710678100585938
-10.870475769042969
-0.23338317871093753
9.172706604003906
1.368255615234375
-5.7790374755859375
-11.001052856445312
-0.3105545043945313
9.114761352539062
1.2566375732421875
-5.8495330810546875
-11.130828857421875
-0.4483413696289063
9.066963195800783
1.2932205200195315
-5.823097229003907
-11.124420166015627
-0.4317855834960938
9.199943542480469
1.2085723876953127
-6.136856079101563
-11.46007537841797
-0.8133697509765626
9.069366455078125
1.422996520996094
-6.020431518554688
-11.474494934082033
-0.6512832641601564
9.014892578125002
1.2398147583007815
-5.885047912597657
-11.284370422363281
-0.2811813354492188
9.818649291992188
2.1615982055664067
-5.267677307128906
-10.758857727050783
0.14713287353515625
9.970588684082033
2.01019287109375
-5.538177490234376
-11.08543395996094
-0.07877349853515626
9.981269836425781
2.263336181640625
-5.041503906250001
-10.518531799316408
0.37277221679687506
10.170593261718752
2.4296951293945317
-5.030822753906251
-10.59196472167969
0.1543426513671875
10.010910034179688
2.162132263183594
-5.418281555175782
-10.99864959716797
-0.22216796875000003
9.4677734375
1.6785430908203127
-5.755538940429688
-11.326560974121096
-0.42083740234375006
9.509162902832033
1.781883239746094
-5.591316223144532
-11.065673828125
-0.13671875
9.821319580078127
2.1348953247070317
-5.432701110839844
-11.209602355957031
-0.2227020263671875
9.790077209472658
2.117271423339844
-5.518417358398438
-11.12895965576172
-0.07663726806640626
9.85870361328125
1.9904327392578127
-5.656204223632813
-11.300926208496096
-0.49961090087890625
9.61143493652344
2.1613311767578125
-5.643653869628906
-11.411743164062502
-0.6344604492187501
9.372444152832033
1.8192672729492188
-5.961151123046875
-11.657676696777346
-0.6702423095703126
9.419441223144533
1.8441009521484377
-5.7427215576171875
-11.58477783203125
-0.7396697998046875
9.516105651855469
1.9746780395507817
-5.768890380859376
-11.601333618164064
-0.5548858642578125
9.857902526855469
2.326622009277344
-5.33977508544922
-11.172752380371096
-0.29132843017578125
9.783401489257814
2.3357009887695317
-5.147514343261719
-11.14177703857422
-0.21602630615234375
10.125465393066408
2.801933288574219
-4.85912322998047
-10.740699768066406
-0.04032135009765625
10.0531005859375
2.7738952636718754
-4.807586669921876
-10.886497497558596
-0.05126953125000001
9.910240173339846
2.3148727416992188
-5.357131958007813
-11.234169006347658
-0.3687667846679688
9.710502624511719
2.1685409545898438
-5.124549865722657
-10.983428955078127
-0.3391265869140625
9.675521850585938
2.3234176635742188
-4.944839477539063
-10.969543457031252
-0.16849517822265625
9.743347167968752
2.1818923950195312
-5.199584960937501
-10.985565185546875
-0.12176513671875
9.723587036132812
2.3581314086914067
-5.063133239746095
-10.974082946777346
-0.21976470947265628
9.832801818847656
2.545852661132813
-4.696502685546875
-10.421333312988283
0.18558502197265628
10.086746215820314
2.753868103027344
-4.579277038574219
-10.312652587890625
0.270233154296875
10.137214660644533
2.7282333374023438
-4.537887573242188
-10.334815979003906
0.05287170410156251
10.011444091796875
2.7335739135742188
-4.6767425537109375
-10.574340820312502
-0.013351440429687502
9.603958129882814
2.2347640991210938
-5.139503479003907
-10.87394714355469
-0.3121566772460938
9.25895690917969
1.8462371826171875
-5.419883728027345
-11.215476989746094
-0.8235168457031251
8.9849853515625
1.6486358642578127
-5.708007812500001
-11.555938720703125
-0.9615707397460939
8.939056396484375
1.678276062011719
-5.836715698242188
-11.5826416015625
-0.8355331420898439
9.030914306640625
1.6390228271484375
-5.877037048339844
-11.63658142089844
-0.8454132080078126
9.144401550292969
1.9380950927734377
-5.644187927246095
-11.615486145019533
-0.9041595458984375
9.168701171875002
1.7963027954101565
-5.752868652343751
-11.540184020996096
-0.8061599731445312
9.09740447998047
1.945304870605469
-5.465011596679688
-11.443519592285158
-0.5893325805664062
9.33158874511719
1.9549179077148438
-5.593452453613282
-11.525230407714846
-0.7949447631835939
9.124641418457033
1.8120574951171877
-5.595855712890625
-11.577301025390625
-0.7912063598632814
9.246940612792969
2.118339538574219
-5.40172576904297
-11.557273864746094
-0.7436752319335939
9.247741699218752
1.9514465332031252
-5.470085144042969
-11.400527954101564
