-5.701065063476563
-8.666152954101562
-9.82452392578125
-8.03142547607422
-5.026817321777345
-5.374755859375
-8.253326416015627
-9.73747253417969
-8.253326416015627
-5.408401489257813
-5.683975219726563
-8.566551208496094
-9.968719482421877
-8.419685363769531
-5.517349243164063
-5.58971405029297
-8.383369445800781
-9.720115661621094
-8.213272094726564
-5.477561950683594
-5.849266052246095
-8.499526977539064
-9.971656799316406
-8.15025329589844
-4.982490539550781
-5.132026672363282
-8.08269500732422
-9.485931396484377
-7.820739746093751
-4.948577880859376
-5.25218963623047
-7.992439270019531
-9.374313354492188
-7.682952880859376
-4.700508117675781
-5.024147033691407
-7.795104980468751
-9.330520629882812
-7.519264221191406
-4.6147918701171875
-4.991035461425782
-7.800712585449219
-9.087257385253906
-7.060241699218751
-4.0956878662109375
-4.8604583740234375
-7.761459350585938
-8.966560363769531
-7.205238342285157
-4.16351318359375
-4.538421630859375
-7.1387481689453125
-8.40446472167969
-6.74407958984375
-4.140281677246095
-4.660453796386719
-7.298164367675781
-8.553199768066406
-6.774787902832032
-4.136009216308594
-4.689826965332031
-7.282676696777345
-8.495788574218752
-6.8556976318359375
-4.072723388671875
-4.35070037841797
-7.021789550781251
-8.588714599609375
-6.752357482910157
-3.8030242919921875
-4.395828247070313
-7.062644958496094
-8.3441162109375
-6.6506195068359375
-3.925590515136719
-4.2943572998046875
-7.060508728027345
-8.40526580810547
-6.686134338378907
-3.896484375
-4.27886962890625
-7.068786621093751
-8.31981658935547
-6.587066650390626
-3.7343978881835938
-4.29595947265625
-7.04235076904297
-8.379898071289064
-6.505355834960938
-3.5715103149414067
-4.217453002929688
-6.893348693847657
-8.277626037597658
-6.610031127929688
-3.6954116821289067
-4.185142517089845
-6.786270141601563
-8.153457641601562
-6.429252624511719
-3.7800598144531254
-4.3477630615234375
-6.955032348632813
-8.247451782226562
-6.346740722656251
-3.5223770141601567
-4.097023010253906
-6.676788330078126
-7.967071533203125
-6.111488342285157
-3.2916641235351567
-4.102096557617188
-6.594276428222656
-7.911262512207032
-5.93791961669922
-3.1044769287109375
-3.6882019042968754
-6.330451965332032
-7.610054016113282
-5.851135253906251
-3.2297134399414067
-3.8428115844726567
-6.559295654296876
-7.900848388671876
-6.022300720214845
-3.125839233398438
-3.7338638305664067
-6.640472412109376
-7.891769409179688
-5.75714111328125
-3.1122207641601562
-3.9317321777343754
-6.481590270996095
-7.808456420898438
-5.902404785156251
-3.2452011108398438
-3.887939453125
-6.300811767578126
-7.200164794921876
-5.388374328613282
-2.782974243164063
-3.7456130981445317
-6.272773742675782
-7.471733093261719
-5.388908386230469
-2.572555541992188
-3.166427612304688
-5.962753295898438
-7.068519592285157
-5.165138244628907
-2.660942077636719
-2.933578491210938
-5.377159118652345
-6.671981811523438
-4.810791015625001
-2.452926635742188
-2.8823089599609375
-5.444717407226563
-6.763572692871095
-4.800376892089844
-2.0334243774414067
-2.8275680541992188
-5.33336639404297
-6.674118041992188
-4.735755920410156
-1.8881607055664062
-2.693252563476563
-5.298118591308595
-6.39720916748047
-4.510650634765625
-1.8756103515625002
-2.9669570922851567
-5.761146545410157
-6.794281005859376
-4.619331359863281
-2.1832275390625
-2.9682922363281254
-5.361137390136719
-6.534729003906251
-4.5517730712890625
-1.8526458740234375
-2.8131484985351562
-5.471153259277345
-6.457023620605469
-4.435081481933594
-1.9511795043945315
-3.127975463867188
-5.567016601562501
-6.68560028076172
-4.293556213378907
-1.6144561767578125
-2.7797698974609375
-5.33843994140625
-6.384925842285157
-4.179534912109375
-1.6435623168945312
-2.6499938964843754
-5.227622985839844
-6.3301849365234375
-4.189682006835938
-1.577873229980469
-2.763481140136719
-5.376625061035156
-6.49974822998047
-4.318122863769531
-1.7720031738281252
-2.77069091796875
-5.330162048339845
-6.297607421875
-4.078330993652345
-1.5682601928710938
-2.5418472290039062
-5.092506408691406
-6.147003173828125
-3.979263305664063
-1.583213806152344
-2.8123474121093754
-5.402526855468751
-6.356353759765626
-4.039077758789063
-1.5653228759765627
-2.734642028808594
-5.267677307128906
-6.460227966308595
-4.3616485595703125
-1.7714691162109377
-2.5698852539062504
-5.133094787597657
-6.305618286132813
-3.899154663085938
-1.3383483886718752
-2.622756958007813
-5.352325439453126
-6.360359191894532
-4.0775299072265625
-1.537017822265625
-2.8710937500000004
-5.4137420654296875
-6.280250549316407
-4.069786071777345
-1.6878890991210938
-2.9228973388671875
-5.25218963623047
-6.282920837402345
-4.039878845214845
-1.7268753051757815
-2.930908203125
-5.420417785644531
-6.4636993408203125
-3.988609313964844
-1.489219665527344
-2.9375839233398438
-5.437774658203126
-6.269035339355469
-4.1939544677734375
-1.842765808105469
-2.9092788696289067
-5.132827758789063
-6.173973083496095
-3.657493591308594
-1.5474319458007815
-2.8729629516601567
-5.255661010742188
-6.305084228515626
-3.8524246215820317
-1.1562347412109375
-2.274017333984375
-5.32268524169922
-6.4455413818359375
-4.07379150390625
-1.4515686035156252
-2.7792358398437504
-5.073814392089845
-6.023101806640625
-3.94989013671875
-1.3821411132812502
-2.607536315917969
-4.989700317382813
-5.880508422851563
-3.2046127319335938
-1.2366104125976562
-2.6198196411132817
-5.521087646484376
-6.491737365722657
-3.995285034179688
-1.724205017089844
-3.2956695556640625
-5.766754150390626
-6.683998107910156
-4.194488525390626
-1.7292785644531252
-3.1140899658203125
-5.5397796630859375
-6.592140197753907
-3.9813995361328125
-1.6259384155273438
-3.0598831176757817
-5.55126190185547
-6.470642089843751
-4.1757965087890625
-1.6531753540039065
-2.736778259277344
-5.008125305175782
-5.824432373046876
-3.314895629882813
-1.0504913330078127
-2.3957824707031254
-4.764060974121095
-5.611343383789063
-3.127975463867188
-0.6347274780273439
-2.144775390625
-4.554443359375
-5.5921173095703125
-3.245468139648438
-1.1063003540039065
-2.8628158569335938
-5.291175842285157
-6.04473114013672
-3.532524108886719
-1.3338088989257815
-2.9437255859375004
-5.39318084716797
-6.2890625
-3.6484146118164067
-1.2753295898437502
-2.5632095336914067
-5.02147674560547
-5.555267333984376
-2.8815078735351567
-0.706024169921875
-2.557334899902344
-4.9437713623046875
-5.654602050781251
-3.205947875976563
-0.9823989868164064
-2.6903152465820317
-5.0372314453125
-5.687446594238281
-3.1346511840820317
-0.8189773559570314
-2.5629425048828125
-5.106124877929688
-5.901336669921876
-3.1832504272460938
-1.0593032836914065
-2.7375793457031254
-4.81426239013672
-5.456199645996095
-2.737045288085938
-0.5268478393554688
-2.3381042480468754
-4.8369598388671875
-5.635375976562501
-3.119163513183594
-0.9556961059570314
-2.721023559570313
-5.011329650878906
-5.512275695800782
-2.8118133544921875
-0.6900024414062501
-2.529830932617188
-4.787826538085938
-5.23509979248047
-2.601127624511719
-0.5401992797851562
-2.1207427978515625
-4.530410766601563
-5.308799743652344
-2.464141845703125
0.025901794433593753
-1.9549179077148438
-4.409179687500001
-4.80224609375
-2.197380065917969
0.20107269287109378
-1.8756103515625002
-4.2409515380859375
-4.740829467773438
-1.6646575927734377
0.42510986328125006
-1.8809509277343752
-4.316253662109375
-4.752044677734375
-2.1132659912109375
-0.458221435546875
-2.1047210693359375
-4.2313385009765625
-5.097846984863282
-2.0505142211914067
0.13858795166015628
-1.7060470581054688
-3.901023864746094
-4.101829528808595
-1.492156982421875
0.5815887451171875
-1.225128173828125
-3.4315872192382812
-4.268455505371094
-1.3714599609375002
0.6948089599609376
-1.4601135253906252
-3.801689147949219
-4.11865234375
-1.2224578857421877
0.8115005493164064
-1.5001678466796877
-4.089813232421876
-4.42546844482422
-1.2921524047851562
0.8483505249023439
-1.5973663330078127
-4.1912841796875
-4.376869201660157
-1.351432800292969
0.6128311157226562
-1.994438171386719
-4.5603179931640625
-4.6500396728515625
-1.3014984130859375
0.9938812255859376
-1.300163269042969
-3.7896728515625
-3.9050292968750004
-0.8977508544921876
0.8916091918945314
-1.6075134277343752
-4.155769348144531
-4.588890075683594
-1.2788009643554688
0.6993484497070312
-1.8136596679687502
-4.248161315917969
-4.382476806640626
-1.2067031860351565
0.7562255859375
-1.745567321777344
-4.2035675048828125
-4.306907653808595
-1.1100387573242188
0.70068359375
-2.022476196289063
-4.574203491210938
-4.675407409667969
-1.4488983154296877
0.23445129394531253
-2.3944473266601562
-4.697036743164063
-4.851646423339845
-1.7810821533203127
-0.11295318603515626
-2.636642456054688
-4.888763427734376
-4.972877502441407
-1.9639968872070312
-0.30361175537109375
-2.852401733398438
-5.146179199218751
-5.25859832763672
-2.3463821411132812
-0.680389404296875
-2.871627807617188
-5.15899658203125
-5.380363464355469
-2.3202133178710938
-0.6101608276367189
-2.8849792480468754
-5.015869140625
-5.125885009765625
-2.0710754394531254
-0.39840698242187506
-2.940521240234375
-5.192108154296876
-5.257797241210938
-2.1933746337890625
-0.5572891235351562
-3.230514526367188
-5.644187927246095
-5.691986083984376
-2.4190139770507817
-0.6574249267578125
-3.0849838256835938
-5.211601257324219
-5.208930969238282
-1.9514465332031252
-0.3805160522460938
-2.8542709350585938
-4.8615264892578125
-5.043907165527344
-1.970939636230469
-0.3944015502929688
-3.0764389038085938
-5.124549865722657
-5.230293273925782
-2.0550537109375
-0.16208648681640625
-2.1754837036132817
-4.980354309082032
-5.086631774902344
-1.770133972167969
0.05420684814453125
-17.910690307617188
-20.099525451660156
-22.984237670898438
-23.690795898437504
-20.490989685058594
-17.983055114746097
-20.287780761718754
-22.924156188964844
-23.570632934570316
-20.339317321777347
-17.761955261230472
-19.84958648681641
-22.46726989746094
-23.206138610839844
-20.19004821777344
-17.48050689697266
-19.56413269042969
-22.380218505859375
-23.14926147460938
-19.837303161621097
-17.402000427246097
-19.592971801757812
-22.314529418945316
-22.943115234375004
-19.695510864257812
-17.142715454101566
-19.399375915527344
-22.22373962402344
-22.833366394042972
-19.37747955322266
-17.040443420410156
-19.333419799804688
-21.930809020996097
-22.47074127197266
-19.32861328125
-16.869812011718754
-19.281082153320312
-21.898765563964844
-22.40345001220703
-19.12113189697266
-16.764602661132816
-19.011917114257816
-21.778068542480472
-22.524681091308597
-19.16919708251953
-16.706924438476566
-19.07840728759766
-21.709709167480472
-22.006378173828125
-18.61431121826172
-16.342430114746097
-18.7176513671875
-21.537475585937504
-22.001037597656254
-18.73580932617188
-16.252441406250004
-18.525924682617188
-21.245079040527344
-21.846427917480472
-18.64582061767578
-16.215858459472656
-18.677062988281254
-21.450691223144535
-21.80210113525391
-18.492012023925785
-16.134414672851562
-18.646888732910156
-21.466445922851562
-22.16632843017578
-18.768920898437504
-16.253242492675785
-18.671722412109375
-21.342277526855472
-21.586875915527347
-18.15555572509766
-15.92613220214844
-18.257827758789062
-20.850677490234375
-21.28646850585938
-17.953414916992188
-15.76164245605469
-18.132324218750004
-20.702743530273438
-20.937461853027344
-17.437515258789062
-14.98191833496094
-17.58090972900391
-20.454940795898438
-20.913696289062504
-17.393989562988285
-14.821968078613283
-17.136306762695312
-19.883499145507812
-20.25199890136719
-16.75579071044922
-14.451332092285158
-17.108268737792972
-19.836235046386722
-19.992713928222656
-16.558990478515625
-14.321022033691408
-16.937370300292972
-19.563064575195312
-19.777221679687504
-16.453247070312504
-14.297790527343752
-16.97368621826172
-19.57908630371094
-20.000991821289062
-16.474609375
-14.293251037597658
-16.865005493164062
-19.637565612792972
-19.93610382080078
-16.57608032226563
-14.321022033691408
-16.79931640625
-19.290428161621097
-19.545974731445316
-16.180610656738285
-13.902320861816408
-16.425209045410156
-18.957977294921875
-19.23328399658203
-15.969123840332031
-13.984565734863283
-16.711997985839847
-19.264526367187504
-19.52301025390625
-16.093025207519535
-14.08336639404297
-16.725082397460938
-19.221267700195316
-19.37747955322266
-15.94535827636719
-13.931961059570314
-16.53282165527344
-19.019126892089847
-19.011917114257816
-15.601158142089846
-13.63822937011719
-16.374473571777344
-18.929939270019535
-19.146232604980472
-15.736274719238281
-13.572807312011719
-16.241226196289062
-18.806838989257812
-19.06425476074219
-15.460968017578127
-13.368530273437502
-16.118659973144535
-18.74382019042969
-18.877334594726566
-15.305824279785158
-13.314590454101562
-16.010780334472656
-18.5125732421875
-18.662376403808597
-15.293006896972658
-13.27293395996094
-15.915718078613281
-18.37345123291016
-18.540878295898438
-15.232925415039064
-13.334083557128908
-15.955772399902344
-18.459701538085938
-18.47492218017578
-14.892730712890627
-12.892417907714846
-15.520515441894533
-18.1195068359375
-18.137664794921875
-14.624900817871096
-12.672386169433596
-15.516510009765627
-18.06797027587891
-18.054885864257816
-14.45720672607422
-12.548217773437502
-15.431594848632812
-17.910690307617188
-17.89386749267578
-14.243049621582033
-12.448883056640625
-15.148010253906252
-17.63511657714844
-17.66342163085938
-13.93516540527344
-11.99626922607422
-14.68578338623047
-17.290916442871094
-17.10613250732422
-13.589363098144533
-11.77196502685547
-14.44786071777344
-16.90238952636719
-16.762199401855472
-13.15971374511719
-11.173553466796877
-13.990173339843752
-16.400642395019535
-16.14028930664063
-12.320709228515625
-10.43601989746094
-13.381614685058596
-15.930671691894531
-15.699691772460941
-11.933784484863283
-10.222129821777344
-13.24302673339844
-15.552024841308596
-15.112762451171877
-11.160469055175781
-9.447212219238281
-12.419242858886719
-14.81101989746094
-14.48844909667969
-10.974884033203127
-9.375648498535158
-12.44487762451172
-14.931983947753908
-14.70714569091797
-10.921478271484377
-9.251747131347658
-12.327919006347658
-14.880447387695312
-14.640922546386719
-10.886764526367188
-9.269638061523438
-12.30388641357422
-14.861221313476562
-14.60594177246094
-11.04911804199219
-9.470710754394531
-12.479324340820312
-14.86522674560547
-14.463615417480469
-10.801048278808596
-9.358558654785158
-12.458763122558596
-15.028648376464846
-14.835853576660158
-11.14177703857422
-9.516372680664064
-12.664375305175783
-15.234260559082031
-14.904747009277346
-11.107063293457031
-9.521980285644531
-12.432861328125002
-14.820632934570314
-14.151458740234377
-10.422935485839846
-9.16229248046875
-12.348480224609377
-14.82250213623047
-14.349060058593752
-10.551643371582031
-9.115562438964844
-12.211761474609377
-14.699401855468752
-14.30686950683594
-10.399436950683594
-9.003143310546877
-11.987991333007814
-14.446792602539064
-13.856925964355469
-10.25016784667969
-9.037322998046877
-12.149543762207033
-14.594726562500002
-13.996315002441406
-10.347366333007814
-8.944396972656252
-12.175445556640627
-14.74346160888672
-13.961334228515627
-10.259780883789064
-8.83251190185547
-11.995201110839846
-14.274559020996096
-13.679351806640627
-9.967117309570312
-8.465347290039064
-11.525764465332033
-14.19231414794922
-13.49163055419922
-9.92919921875
-8.72222900390625
-11.640052795410158
-14.116210937500002
-13.351707458496094
-9.57592010498047
-8.459739685058594
-11.42509460449219
-13.768539428710938
-13.15116882324219
-9.486732482910158
-8.343849182128908
-11.569557189941408
-14.102058410644533
-13.385353088378908
-9.664306640625
-8.654937744140625
-12.038726806640625
-14.413948059082031
-13.56132507324219
-9.806098937988281
-8.81195068359375
-12.190132141113281
-14.66789245605469
-13.647842407226564
-9.685401916503908
-8.500061035156252
-12.018165588378908
-14.502601623535158
-13.473472595214846
-9.42718505859375
-8.495521545410156
-11.876373291015625
-14.07482147216797
-12.965583801269533
-9.29821014404297
-8.269882202148438
-11.720428466796877
-13.931694030761719
-12.70763397216797
-8.81248474121094
-8.032493591308594
-11.443252563476562
-13.999519348144533
-12.77812957763672
-8.803138732910156
-8.082160949707031
-11.732978820800783
-13.833694458007814
-12.717514038085938
-8.733711242675783
-8.140106201171875
-11.677436828613281
-13.87187957763672
-12.534866333007814
-8.66935729980469
-8.27709197998047
-11.798667907714846
-14.101257324218752
-12.554893493652346
-8.532638549804688
-8.035430908203125
-11.570892333984377
-13.444900512695314
-11.99066162109375
-8.21006774902344
-7.598304748535157
-11.197853088378908
-13.40404510498047
-12.079315185546877
-8.20365905761719
-7.902984619140626
-11.62590026855469
-13.509254455566408
-12.21843719482422
-8.238906860351562
-8.011932373046875
-11.457138061523438
-13.759727478027344
-12.026176452636719
-8.243446350097658
-7.981224060058594
-11.72576904296875
-13.790168762207031
-12.379722595214846
-8.545188903808594
-8.472023010253908
-12.167167663574219
-14.184570312500002
-12.821655273437502
-9.236259460449219
-9.28886413574219
-13.036880493164064
-14.790191650390627
-13.090286254882814
-9.367637634277344
-9.492874145507814
-13.104705810546875
-15.194740295410158
-13.401374816894531
-9.74040985107422
-9.731864929199219
-13.21392059326172
-14.746131896972658
-13.146095275878908
-9.876861572265627
-9.837074279785156
-12.893753051757814
-14.451866149902346
-13.049697875976564
-9.74174499511719
-9.680061340332031
-12.523918151855469
-14.01073455810547
-12.453155517578127
-9.247741699218752
-9.080848693847658
-11.934051513671877
-13.47881317138672
-12.23125457763672
-9.264831542968752
-9.076576232910158
-11.755409240722656
-13.293495178222658
-12.093467712402346
-9.215965270996096
-8.931846618652346
-11.77196502685547
-13.093757629394533
-11.674766540527346
-8.7158203125
-8.805274963378906
-11.542053222656252
-12.947692871093752
-11.455535888671877
-8.406867980957033
-8.43864440917969
-11.190643310546877
-12.568511962890625
-11.159133911132812
-8.220481872558596
-8.249855041503906
-11.17595672607422
-12.589607238769533
-11.081695556640627
-7.90191650390625
-7.869873046875002
-10.98075866699219
-12.374649047851564
-10.676078796386719
-7.857589721679688
-8.002853393554688
-10.83843231201172
-11.987190246582033
-10.48088073730469
-7.462654113769532
-7.541427612304688
-10.381011962890625
-11.630706787109375
-10.229072570800783
-7.20550537109375
-7.325401306152345
-10.100631713867188
-11.490249633789064
-9.85870361328125
-7.070655822753907
-7.058105468750001
-9.82585906982422
-10.99517822265625
-9.48753356933594
-6.670112609863282
-6.716041564941407
-9.36790466308594
-10.7281494140625
-9.057884216308596
-6.161956787109376
-6.498680114746095
-9.31102752685547
-10.640296936035158
-9.085388183593752
-6.083984375
-6.332855224609376
-8.931846618652346
-10.169525146484375
-8.819694519042969
-5.949134826660157
-6.199874877929688
-8.865089416503908
-10.00743865966797
-8.45573425292969
-5.575561523437501
-5.836181640625
-8.483505249023438
-10.06217956542969
-8.586578369140625
-5.569953918457031
-5.596656799316406
-8.58978271484375
-9.952964782714844
-8.32916259765625
-5.2695465087890625
-5.703468322753906
-8.646926879882814
-10.01945495605469
-8.410606384277346
-5.409202575683595
-5.465011596679688
-8.229026794433594
-9.751625061035158
-8.249053955078125
-5.404930114746095
-1.692161560058594
1.2619781494140627
2.5370407104492188
0.7100296020507814
-2.149314880371094
-1.7471694946289065
1.0723876953125
2.6473236083984375
0.6552886962890626
-1.9917678833007812
-1.778678894042969
1.117515563964844
2.6086044311523438
0.6518173217773438
-2.226486206054688
-1.7119216918945315
1.3821411132812502
3.002471923828125
0.7997512817382814
-1.9655990600585942
-1.6977691650390627
1.3508987426757815
3.0823135375976567
0.89080810546875
-2.041435241699219
-1.5428924560546877
1.4566421508789062
3.016357421875
0.7257843017578126
-2.2491836547851562
-1.9971084594726565
1.2331390380859377
3.101272583007813
0.7110977172851564
-2.332229614257813
-1.9949722290039062
1.0777282714843752
2.8823089599609375
0.40321350097656256
-2.875900268554688
-2.1861648559570312
0.9930801391601564
2.856674194335938
0.349273681640625
-2.761344909667969
-2.3001861572265625
0.9148406982421876
2.658805847167969
0.27770996093750006
-2.710075378417969
-2.2932434082031254
0.9946823120117188
2.7068710327148438
-0.016288757324218753
-3.1293106079101562
-2.6094055175781254
0.7885360717773438
2.302322387695313
-0.24833679199218753
-3.2596206665039067
-2.749595642089844
0.5364608764648439
2.399520874023438
0.04032135009765625
-3.1164932250976562
-2.729568481445313
0.7118988037109375
2.4521255493164067
-0.020294189453125
-3.274040222167969
-2.7907180786132812
0.5775833129882814
2.019805908203125
-0.38291931152343756
-3.204879760742188
-2.4761581420898438
0.7183074951171875
2.0977783203125004
-0.17089843750000003
-2.9148864746093754
-2.4718856811523438
0.5407333374023438
1.7354202270507815
-0.7081604003906251
-3.3934020996093754
-2.4628067016601562
0.7538223266601562
1.8302154541015627
-0.6050872802734375
-3.092460632324219
-2.3140716552734375
0.4459381103515625
1.8259429931640625
-0.23818969726562503
-2.6403808593750004
-1.9997787475585938
0.7722473144531251
2.024078369140625
-0.09693145751953126
-2.455863952636719
-1.9383621215820315
0.6937408447265625
1.8689346313476565
-0.42831420898437506
-2.713279724121094
-1.837158203125
0.9022903442382814
2.0537185668945312
-0.10574340820312501
-2.384300231933594
-1.9282150268554688
0.8157730102539064
2.0772171020507817
-0.10974884033203126
-2.3741531372070312
-1.567192077636719
0.9231185913085938
2.0996475219726567
0.3668975830078125
-1.7087173461914065
-1.3135147094726565
1.136474609375
2.342910766601563
0.48759460449218756
-1.4131164550781252
-0.7978820800781251
1.7140579223632815
3.0443954467773438
1.3581085205078127
-0.7164382934570314
-0.38238525390625006
1.9137954711914065
2.841453552246094
0.8998870849609376
-1.2291336059570315
-0.8475494384765626
1.378936767578125
2.2737503051757817
0.17997741699218753
-1.7704010009765625
-1.0638427734375002
1.3306045532226565
2.315139770507813
0.4440689086914063
-1.460380554199219
-0.8993530273437501
1.2598419189453127
2.3068618774414062
0.46089172363281256
-1.5813446044921875
-1.222991943359375
1.3575744628906252
2.4788284301757817
0.5303192138671875
-1.512451171875
-1.002960205078125
1.4248657226562502
2.3271560668945317
0.46569824218750006
-1.5231323242187502
-1.0774612426757815
1.2945556640625
2.1063232421875004
0.48919677734375006
-0.9289932250976564
-0.0913238525390625
2.3525238037109375
3.1698989868164062
1.2745285034179688
-0.3487396240234375
0.3618240356445313
2.7244949340820312
3.4897994995117188
1.4614486694335938
-0.39680480957031256
0.38131713867187506
2.6449203491210938
3.092460632324219
0.9009552001953126
-1.119651794433594
-0.6432723999023439
1.562919616699219
2.221145629882813
0.38585662841796875
-1.3380813598632815
-0.7503509521484376
1.3989639282226562
1.944236755371094
0.011482238769531252
-1.9236755371093752
-1.3922882080078125
1.1279296875
1.9191360473632815
-0.31883239746093756
-2.1554565429687504
-1.451835632324219
1.0366058349609375
1.7193984985351562
-0.5207061767578125
-2.5138092041015625
-1.847038269042969
0.6531524658203126
1.5191268920898438
-0.49266815185546875
-2.4550628662109375
-1.7877578735351565
0.5818557739257812
1.3658523559570312
-0.9305953979492189
-2.8489303588867188
-2.3140716552734375
0.33325195312500006
1.1677169799804688
-1.1885452270507815
-3.048934936523438
-2.103118896484375
0.541534423828125
1.333274841308594
-1.1396789550781252
-3.2660293579101567
-2.4435806274414062
0.06248474121093751
0.7586288452148439
-1.6662597656250002
-3.6412048339843754
-2.565879821777344
0.08625030517578126
0.9308624267578125
-1.2942886352539062
-3.3942031860351567
-2.492446899414063
0.26142120361328125
0.7567596435546876
-1.7933654785156252
-3.4711074829101567
-2.3517227172851562
0.48385620117187506
1.1452865600585938
-1.1762619018554688
-3.1733703613281254
-2.3591995239257812
0.43685913085937506
1.1081695556640625
-1.406974792480469
-3.2684326171875004
-2.1188735961914062
0.620574951171875
1.2125778198242188
-1.255302429199219
-3.137321472167969
-2.2620010375976562
0.38612365722656256
0.9530258178710938
-1.4964294433593752
-3.2545471191406254
-2.1063232421875004
0.7046890258789064
1.428070068359375
-0.9799957275390626
-2.7135467529296875
-1.6772079467773438
0.8002853393554689
1.3308715820312502
-1.163177490234375
-3.0273056030273438
-1.8515777587890627
0.9233856201171876
1.5239334106445315
-0.9498214721679689
-2.797660827636719
-1.756248474121094
0.9888076782226564
1.3669204711914065
-1.175193786621094
-2.9867172241210938
-1.8521118164062502
0.8187103271484376
1.4713287353515627
-0.9143066406250001
-2.5212860107421875
-1.4488983154296877
1.2753295898437502
1.8283462524414062
-0.7543563842773439
-2.565879821777344
-1.5706634521484377
0.9783935546875001
1.4243316650390627
-1.0488891601562502
-2.634506225585938
-1.4083099365234375
1.2609100341796875
1.561851501464844
-0.9135055541992189
-2.390975952148438
-1.0560989379882812
1.697235107421875
1.9963073730468752
-0.7196426391601562
-2.1933746337890625
-0.8892059326171876
1.9415664672851562
2.2529220581054688
-0.36743164062500006
-2.045707702636719
-0.9976196289062501
1.5418243408203127
1.8916320800781252
-0.9169769287109376
-2.5674819946289067
-1.5258026123046875
1.1108398437500002
1.4296722412109377
-1.1586380004882812
-2.908477783203125
-1.8328857421875
0.9938812255859376
1.530876159667969
-1.204032897949219
-2.9244995117187504
-1.6395568847656252
1.2248611450195315
1.57012939453125
-1.327667236328125
-3.0230331420898438
-1.6475677490234377
1.2195205688476565
1.540489196777344
-1.4924240112304688
-3.4457397460937504
-2.0911026000976567
0.9597015380859375
1.3004302978515627
-1.6072463989257815
-3.2929992675781254
-1.8964385986328127
0.9591674804687501
1.164512634277344
-1.580009460449219
-3.1872558593750004
-1.6841506958007815
1.0560989379882812
1.2435531616210938
-1.6924285888671875
-3.2294464111328125
-1.8307495117187502
1.1565017700195312
1.2392807006835938
-1.769065856933594
-3.334922790527344
-1.9239425659179688
1.1223220825195315
1.2659835815429688
-1.798973083496094
-3.4219741821289067
-1.6606521606445315
1.3199234008789065
1.255302429199219
-1.7535781860351565
-3.2900619506835938
-1.716728210449219
1.2745285034179688
1.3880157470703125
-1.7375564575195315
-3.415298461914063
-1.8157958984375002
1.2814712524414062
1.2646484375000002
-1.7201995849609377
-3.349876403808594
-1.8077850341796877
1.3012313842773438
1.3431549072265625
-1.8697357177734377
-3.476982116699219
-1.615257263183594
1.2427520751953127
1.2213897705078125
-1.808319091796875
-3.2598876953125004
-1.7292785644531252
1.0833358764648438
1.1431503295898438
-1.6991043090820312
-3.230247497558594
-1.5503692626953125
1.2942886352539062
1.2342071533203125
-1.7882919311523438
-3.50982666015625
-1.784019470214844
1.215782165527344
1.2077713012695312
-1.967735290527344
-3.62945556640625
-2.12982177734375
0.6793212890625
0.6379318237304689
-1.9925689697265627
-3.2500076293945312
-1.7586517333984377
1.0152435302734377
0.8942794799804689
-2.3242187500000004
-3.820915222167969
-2.1247482299804688
0.8320617675781251
0.8237838745117189
-2.1685409545898438
-3.787002563476563
-1.9971084594726565
0.9052276611328125
0.7682418823242189
-2.4029922485351567
-3.7437438964843754
-1.9316864013671877
0.7287216186523439
0.620574951171875
-2.3861694335937504
-3.835868835449219
-2.0884323120117188
0.810699462890625
0.6256484985351564
-2.3608016967773438
-3.764305114746094
-2.076683044433594
0.8288574218750001
0.623779296875
-2.5052642822265625
-4.074058532714844
-2.333297729492188
0.8336639404296876
0.6325912475585938
-2.6187515258789062
-4.18193817138672
-2.4061965942382817
0.9388732910156251
0.7706451416015625
-2.7202224731445312
-3.862838745117188
-1.9789505004882817
0.7706451416015625
0.49240112304687506
-2.8750991821289062
-4.164581298828125
-2.406463623046875
0.4969406127929688
0.2865219116210938
-3.06549072265625
-4.321327209472657
-2.4126052856445312
0.5957412719726564
0.6029510498046875
-2.9979324340820317
-4.4086456298828125
-2.272148132324219
0.8707809448242188
0.5551528930664062
-2.3794937133789067
-4.60063934326172
-2.335166931152344
0.31883239746093756
-0.18344879150390625
-3.0590820312500004
-4.480476379394532
-2.4061965942382817
0.3495407104492188
-0.20721435546875003
-3.211021423339844
-4.28020477294922
-2.240371704101563
0.5081558227539062
-0.001068115234375
-3.086051940917969
-4.333343505859375
-2.1992492675781254
0.6897354125976564
0.2814483642578125
-3.1239700317382817
-4.352302551269531
-2.34344482421875
0.4408645629882813
0.21175384521484378
-2.5204849243164062
-3.543472290039063
-1.7920303344726565
0.6069564819335938
0.17250061035156253
-2.846527099609375
-4.0903472900390625
-2.11273193359375
1.0408782958984375
0.0453948974609375
-3.598747253417969
-4.498901367187501
-2.2459793090820317
0.6048202514648438
-0.08651733398437501
-3.2107543945312504
-3.981132507324219
-48.234481811523445
-44.93453979492188
-44.619712829589844
-47.734603881835945
-49.214744567871094
-47.47344970703126
-44.066696166992195
-43.92330169677735
-47.084922790527344
-49.016342163085945
-47.54180908203126
-44.04880523681641
-43.86295318603516
-47.063827514648445
-49.054794311523445
-47.67719268798828
-44.1729736328125
-43.99139404296876
-47.28305816650391
-48.95278930664063
-47.42351531982422
-43.897666931152344
-43.6602783203125
-46.863822937011726
-48.56025695800781
-46.965560913085945
-43.69766235351563
-43.52756500244141
-46.79733276367188
-48.58802795410157
-46.8819808959961
-43.4381103515625
-43.50006103515625
-46.90654754638672
-48.73863220214844
-47.14206695556641
-43.54999542236328
-43.286972045898445
-46.00131988525391
-47.577056884765625
-45.820541381835945
-42.318458557128906
-42.2292709350586
-45.08594512939453
-46.42936706542969
-44.3865966796875
-40.850334167480476
-40.912017822265625
-44.234657287597656
-46.17916107177735
-44.45655822753906
-41.08531951904297
-41.275177001953125
-44.29607391357422
-45.60638427734375
-43.57910156250001
-39.94670867919922
-39.56111907958985
-42.56359100341797
-44.34974670410156
-42.45651245117188
-39.0633773803711
-38.98540496826172
-41.760368347167976
-43.0666732788086
-41.08291625976563
-37.598190307617195
-37.864418029785156
-41.00013732910156
-42.69016265869141
-40.88932037353516
-37.4312973022461
-37.25639343261719
-40.00011444091797
-41.47037506103516
-39.43267822265625
-35.879859924316406
-35.941810607910156
-38.793144226074226
-40.17234802246094
-38.246803283691406
-34.79785919189454
-34.794921875
-37.76214599609375
-39.42733764648438
-37.496986389160156
-34.138832092285156
-34.06326293945313
-36.80030822753907
-38.401947021484375
-36.58214569091797
-33.29528808593751
-33.612785339355476
-37.02808380126953
-38.87458801269532
-36.9057846069336
-33.518524169921875
-33.70090484619141
-36.37519836425781
-37.58190155029297
-35.3548812866211
-31.9195556640625
-32.21996307373047
-35.36396026611328
-36.75117492675781
-34.64832305908203
-31.354789733886722
-31.475486755371097
-34.67716217041016
-36.68201446533204
-35.17169952392579
-32.25868225097656
-32.99407958984375
-36.514320373535156
-38.40595245361329
-36.60938262939453
-33.44642639160156
-34.05738830566406
-37.274818420410156
-38.80115509033204
-36.83181762695313
-33.559913635253906
-34.22054290771485
-37.433433532714844
-39.00596618652344
-36.9610595703125
-33.44856262207031
-33.94283294677735
-37.179489135742195
-38.87031555175781
-36.656913757324226
-33.43360900878906
-33.945770263671875
-37.08015441894531
-38.77418518066406
-37.06439971923829
-34.0731430053711
-34.605331420898445
-37.79045104980469
-39.520797729492195
-37.42034912109375
-34.16339874267579
-34.77756500244141
-37.96295166015625
-39.701042175292976
-37.680168151855476
-34.54792022705078
-35.25955200195313
-38.44226837158204
-39.90131378173829
-37.34851837158203
-33.91452789306641
-34.46701049804688
-37.577362060546875
-39.10289764404297
-36.82834625244141
-33.33374023437501
-33.91212463378906
-37.12421417236329
-38.58753204345704
-36.435813903808594
-33.21411132812501
-33.77006530761719
-37.12928771972657
-38.93199920654297
-36.73408508300781
-33.32199096679688
-33.88702392578125
-37.13382720947266
-38.885536193847656
-36.77841186523438
-33.551368713378906
-34.37061309814454
-37.95948028564453
-39.75471496582032
-37.68951416015626
-34.57996368408203
-35.305747985839844
-38.42144012451172
-40.04257202148438
-38.0422592163086
-34.66915130615235
-35.37837982177735
-38.61824035644531
-40.20626068115235
-37.96241760253906
-34.37702178955079
-35
-38.52424621582032
-40.0545883178711
-37.48310089111329
-34.23496246337891
-35.182914733886726
-38.5418701171875
-40.15792846679688
-38.055877685546875
-34.98104095458985
-35.759429931640625
-38.9352035522461
-40.36567687988281
-38.043060302734375
-34.54711914062501
-35.461158752441406
-38.7255859375
-40.15098571777344
-37.734375
-34.42508697509766
-35.132179260253906
-38.40915679931641
-40.03082275390625
-37.59391784667969
-34.02027130126954
-34.76074218750001
-37.97897338867188
-39.49810028076172
-37.10338592529297
-33.684616088867195
-34.64725494384766
-37.95333862304688
-39.452972412109375
-36.91459655761719
-33.597831726074226
-34.43389892578126
-37.579765319824226
-39.17285919189453
-36.80084228515625
-33.470458984375
-34.33135986328125
-37.465476989746094
-38.89862060546875
-36.541557312011726
-33.20610046386719
-33.829879760742195
-36.88522338867188
-38.48712921142578
-36.18507385253906
-32.795677185058594
-33.77273559570313
-36.95198059082032
-38.48926544189454
-36.017112731933594
-32.822113037109375
-33.9190673828125
-37.17842102050781
-38.62998962402344
-36.36104583740235
-33.00395965576172
-33.55857849121094
-36.20296478271485
-37.306861877441406
-34.68276977539063
-31.450386047363285
-32.439193725585945
-35.24673461914063
-36.435279846191406
-33.92974853515626
-30.853042602539066
-31.84371948242188
-34.96768951416016
-36.461715698242195
-33.14735412597657
-28.941650390625004
-29.651145935058597
-32.598075866699226
-34.05738830566406
-31.67255401611328
-28.648986816406254
-29.918174743652347
-32.990875244140625
-34.15752410888672
-31.459197998046875
-28.45298767089844
-29.4671630859375
-32.30941772460938
-33.79810333251954
-31.437835693359382
-28.334426879882816
-29.40921783447266
-32.38365173339844
-33.68488311767578
-31.09123229980469
-28.081016540527344
-29.212684631347656
-32.27951049804688
-33.66939544677735
-31.204719543457035
-28.183822631835938
-29.324035644531254
-32.1590805053711
-33.28300476074219
-30.594291687011722
-27.439079284667972
-28.77822875976563
-31.91688537597657
-33.21784973144531
-30.580406188964847
-27.427864074707035
-28.752059936523438
-32.00019836425782
-33.15856933593751
-30.40843963623047
-27.572326660156254
-28.723220825195316
-31.313133239746097
-32.52704620361328
-29.60014343261719
-26.30607604980469
-27.753372192382816
-30.936088562011722
-32.27924346923829
-29.59720611572266
-26.72344207763672
-28.05564880371094
-31.05625152587891
-32.269630432128906
-29.64740753173828
-26.774978637695316
-28.263664245605472
-31.287498474121094
-32.08564758300782
-29.236717224121097
-26.24279022216797
-27.507705688476566
-30.382804870605472
-31.55078887939453
-29.060478210449222
-26.11862182617188
-27.52639770507813
-30.60470581054688
-31.91581726074219
-29.21588897705078
-26.120491027832035
-27.587547302246097
-30.66745758056641
-31.87576293945313
-29.07596588134766
-26.0150146484375
-27.48794555664063
-30.340080261230472
-31.43115997314454
-28.79478454589844
-26.013412475585938
-27.36618041992188
-30.224189758300785
-31.62609100341797
-28.790779113769535
-25.816612243652347
-27.24388122558594
-30.097351074218754
-31.26079559326172
-28.301315307617188
-25.301780700683597
-26.790199279785156
-29.662895202636722
-30.87760925292969
-28.22360992431641
-25.203247070312504
-26.457481384277347
-29.26742553710938
-30.45810699462891
-27.583274841308597
-24.472923278808594
-26.016616821289062
-29.101600646972656
-30.199890136718754
-27.371520996093754
-24.349555969238285
-25.920753479003906
-29.01107788085938
-30.10269165039063
-27.229728698730472
-24.32498931884766
-25.95359802246094
-28.92429351806641
-29.91470336914063
-27.118911743164062
-24.29187774658203
-25.848121643066406
-28.724555969238285
-29.746742248535156
-27.019042968750004
-24.054222106933597
-25.541572570800785
-28.60038757324219
-29.710693359375004
-26.841201782226562
-23.906288146972656
-25.632896423339844
-28.62388610839844
-29.808959960937504
-26.94107055664063
-23.96743774414063
-25.561065673828125
-28.56967926025391
-29.74540710449219
-26.876716613769535
-23.823776245117188
-25.318603515625004
-28.22494506835938
-29.212951660156254
-26.25400543212891
-23.255538940429688
-25.05451202392578
-28.04843902587891
-29.085845947265625
-26.1517333984375
-23.266487121582035
-24.99710083007813
-27.96379089355469
-29.06314849853516
-26.06521606445313
-23.053665161132816
-24.876670837402344
-27.998504638671875
-29.173965454101566
-26.14585876464844
-23.36074829101563
-25.075874328613285
-27.851638793945312
-28.824157714843754
-25.99979400634766
-23.165283203125
-24.92233276367188
-27.86819458007813
-28.81748199462891
-25.82061767578125
-22.8448486328125
-24.619522094726566
-27.40036010742188
-28.400382995605472
-25.30071258544922
-22.37541198730469
-24.337005615234375
-27.38754272460938
-28.628959655761722
-25.497245788574222
-22.473678588867188
-24.413108825683597
-27.391548156738285
-28.35952758789063
-25.203781127929688
-22.197036743164066
-24.07291412353516
-26.846809387207035
-27.523727416992188
-24.40963745117188
-21.627197265625004
-23.53965759277344
-26.328773498535156
-27.2198486328125
-24.090538024902347
-21.278724670410156
-23.241119384765625
-26.161613464355472
-27.011833190917972
-23.899345397949222
-21.181526184082035
-23.118553161621094
-25.982170104980472
-26.749877929687504
-23.503608703613285
-20.394859313964844
-22.371673583984375
-25.265731811523438
-26.157341003417972
-23.110275268554688
-20.38017272949219
-22.390632629394535
-25.160789489746097
-25.887374877929688
-22.784233093261722
-20.09685516357422
-22.03948974609375
-24.759979248046875
-25.467338562011722
-22.41733551025391
-19.818611145019535
-21.75830841064453
-24.350090026855472
-24.956245422363285
-21.679801940917972
-19.024734497070312
-21.07177734375
-23.87931823730469
-24.604568481445316
-21.504898071289062
-18.89335632324219
-20.892601013183597
-23.65982055664063
-24.391479492187504
-21.217308044433597
-18.57772827148438
-20.517959594726566
-23.32015991210938
-24.019775390625
-20.803146362304688
-18.22711944580078
-20.43704986572266
-23.310813903808597
-23.925514221191406
-2.020072937011719
0.7746505737304689
0.016288757324218753
-3.0206298828125
-3.767509460449219
-1.8481063842773438
0.6697082519531251
0.21362304687500003
-2.9610824584960938
-4.151763916015626
-2.2139358520507812
0.6948089599609376
0.07556915283203126
-3.407554626464844
-4.094886779785156
-2.1461105346679688
0.7164382934570314
0.16689300537109378
-3.1581497192382817
-4.008636474609376
-1.8873596191406252
0.7906723022460938
0.06702423095703125
-3.057212829589844
-4.143218994140626
-2.1220779418945317
0.42484283447265625
-0.40054321289062506
-3.5910034179687504
-4.462852478027344
-2.1933746337890625
0.41149139404296875
-0.5126953125
-3.8505554199218754
-4.587821960449219
-2.357330322265625
0.10013580322265626
-0.7888031005859376
-3.7928771972656254
-4.550170898437501
-2.508201599121094
0.07770538330078125
-0.5332565307617189
-3.8721847534179688
-4.560852050781251
-2.3872375488281254
0.21308898925781253
-0.4331207275390625
-3.7512207031250004
-4.71466064453125
-2.5055313110351567
0.21308898925781253
-0.4563522338867188
-4.016380310058595
-4.673805236816406
-2.7349090576171875
-0.07984161376953126
-1.01898193359375
-4.09648895263672
-4.627342224121095
-2.1744155883789067
0.3004074096679688
-0.32257080078125
-3.476181030273438
-4.76165771484375
-2.401123046875
0.4058837890625
0.07663726806640626
-3.1245040893554688
-3.973655700683594
-1.5738677978515627
1.3434219360351562
0.5150985717773438
-2.703666687011719
-3.6550903320312504
-1.2598419189453127
1.413383483886719
0.7292556762695314
-2.4198150634765625
-3.1888580322265625
-0.7217788696289062
2.0398330688476562
1.0809326171875
-2.2003173828125004
-2.8307723999023438
-0.43819427490234375
2.053451538085938
1.222190856933594
-2.1741485595703125
-2.835311889648438
-0.22804260253906253
2.311935424804688
1.45904541015625
-1.572265625
-2.371482849121094
-0.15808105468750003
2.521820068359375
1.3719940185546875
-1.590423583984375
-1.8852233886718752
0.4275131225585938
3.0043411254882812
2.1485137939453125
-0.9340667724609375
-1.644096374511719
0.8040237426757812
3.441734313964844
2.384033203125
-0.7164382934570314
-1.282005310058594
0.9532928466796876
3.586997985839844
1.372528076171875
-4.4449615478515625
-8.144378662109375
-7.103767395019532
-5.016403198242188
-7.010574340820313
-11.035232543945312
-12.498016357421875
-10.53722381591797
-7.99724578857422
-8.819961547851564
-11.906814575195312
-12.14286804199219
-9.207954406738283
-6.12163543701172
-6.929397583007813
-10.457649230957033
-10.533485412597658
-7.033538818359376
-3.334121704101563
-3.172569274902344
-5.256729125976563
-5.035362243652345
-2.0331573486328125
1.0785293579101562
0.4296493530273438
-2.105789184570313
-1.7367553710937502
1.3784027099609377
4.360847473144531
3.8740539550781254
1.35223388671875
1.5250015258789065
4.133872985839844
6.859703063964845
6.055145263671876
3.0710983276367188
2.7653503417968754
5.573425292968751
8.500862121582033
7.474937438964845
4.354705810546876
3.998489379882813
6.355018615722656
8.888587951660156
7.874145507812501
4.878082275390626
4.424133300781251
6.933670043945313
9.262161254882814
8.01006317138672
5.1905059814453125
4.923744201660156
7.126731872558595
9.293403625488281
8.006057739257814
4.624671936035157
4.080200195312501
6.663436889648438
8.990859985351562
7.8180694580078125
4.705848693847657
4.212646484375001
6.3835906982421875
8.223953247070312
6.731529235839844
3.4855270385742188
2.8013992309570317
4.882087707519532
6.979064941406251
5.8303070068359375
2.6577377319335938
1.9450378417968752
3.7787246704101562
5.783309936523438
4.6051788330078125
1.2673187255859375
0.21389007568359378
2.014732360839844
3.936004638671876
2.64251708984375
-0.9103012084960939
-2.427825927734375
-0.9223175048828126
0.675048828125
-0.6905364990234375
-3.9114379882812504
-4.644699096679688
-2.6013946533203125
-0.27904510498046875
-1.1986923217773438
-4.384078979492188
-5.115203857421875
-3.528251647949219
-1.6117858886718752
-2.9944610595703125
-6.70055389404297
-7.812995910644531
-5.993461608886719
-4.049224853515625
-5.105056762695313
-8.017005920410156
-9.172973632812502
-7.343292236328126
-4.706649780273438
-5.498924255371095
-8.417549133300781
-9.237861633300781
-7.521934509277345
-5.412139892578126
-6.611099243164063
-9.773521423339844
-10.439758300781252
-8.666954040527346
-6.715774536132813
-8.072013854980469
-11.2451171875
-11.982116699218752
-10.131607055664062
-8.17375183105469
-9.264831542968752
-12.263832092285158
-12.98961639404297
-11.282501220703127
-9.335594177246096
-10.48515319824219
-13.64116668701172
-14.56188201904297
-12.998695373535156
-10.868339538574219
-11.896934509277346
-14.984321594238281
-15.709571838378906
-13.823013305664064
-11.61895751953125
-12.599220275878908
-15.89756011962891
-16.81400299072266
-14.698867797851564
-12.056617736816406
-12.844085693359377
-16.11118316650391
-17.125625610351562
-15.084190368652346
-12.782936096191408
-13.809661865234377
-17.093582153320316
-18.132591247558594
-16.51226043701172
-14.339447021484377
-15.316238403320314
-18.30856323242188
-19.37320709228516
-17.880249023437504
-15.902099609375002
-17.038841247558594
-20.38738250732422
-21.523056030273438
-19.9267578125
-17.713623046875
-18.66958618164063
-21.95537567138672
-23.114547729492188
-21.361503601074222
-18.9996337890625
-20.01968383789063
-23.440856933593754
-24.55303192138672
-22.954330444335938
-20.798606872558597
-21.938285827636722
-25.40939331054688
-26.53305053710938
-24.934082031250004
-22.820014953613285
-23.622703552246094
-26.65481567382813
-27.585945129394535
-26.480979919433597
-24.64836120605469
-25.732498168945316
-29.207344055175785
-30.338745117187504
-28.852195739746094
-27.01156616210938
-28.04096221923828
-31.443443298339847
-32.90195465087891
-31.72943115234375
-29.779319763183597
-30.66825866699219
-33.8720703125
-35.112152099609375
-33.687553405761726
-31.51981353759766
-32.444267272949226
-35.6494140625
-37.04757690429688
-36.01230621337891
-34.06059265136719
-34.88517761230469
-37.84893035888672
-39.13013458251954
-38.09566497802735
-35.93700408935547
-36.740760803222656
-40.054855346679695
-41.21749877929688
-39.8919677734375
-37.776031494140625
-38.80542755126953
-42.53742218017578
-44.529991149902344
-43.464813232421875
-41.174240112304695
-42.27787017822266
-46.29158020019532
-48.13995361328125
-47.31403350830079
-45.173797607421875
-45.36365509033204
-48.39576721191407
-49.885520935058594
-48.78936767578126
-45.901451110839844
-45.760726928710945
-48.67294311523438
-50.26603698730469
-49.444923400878906
-46.93191528320313
-47.63793945312501
-51.314125061035156
-53.041000366210945
-52.041244506835945
-49.501800537109375
-49.74319458007813
-53.67465972900391
-56.314239501953125
-55.40527343750001
-52.57022857666016
-51.93416595458985
-54.87415313720704
-56.615715026855476
-55.482711791992195
-52.42416381835938
-52.083969116210945
-55.05279541015626
-56.66725158691407
-55.57777404785157
-52.86743164062501
-52.71923065185547
-55.5422592163086
-57.11532592773438
-56.5847396850586
-54.256515502929695
-54.15157318115235
-57.67501831054688
-59.55036163330079
-59.61978912353516
-57.912940979003906
-57.655792236328125
-60.57601928710938
-62.56805419921875
-61.23558044433594
-57.86140441894532
-57.05310821533204
-59.7848129272461
-61.58618927001953
-60.56587219238282
-57.22721099853516
-56.62532806396485
-59.582138061523445
-61.04892730712891
-59.423255920410156
-55.670700073242195
-55.11848449707032
-57.93537139892579
-59.49321746826172
-57.888107299804695
-54.01885986328126
-53.0511474609375
-55.484580993652344
-56.61304473876954
-55.119285583496094
-51.706657409667976
-51.7440414428711
-55.63304901123047
-58.25153350830078
-57.52655029296876
-54.1278076171875
-53.58627319335938
-56.96231842041016
-58.54232788085938
-56.95564270019532
-53.59615325927735
-53.06690216064454
-55.609550476074226
-56.88755035400391
-55.30166625976563
-51.95819854736328
-51.42147064208985
-54.40471649169922
-56.0592269897461
-54.70138549804688
-51.19262695312501
-50.60836791992188
-53.698692321777344
-56.32465362548829
-55.55881500244141
-52.30133056640626
-52.02442169189454
-55.30353546142579
-56.65122985839844
-55.188713073730476
-51.823348999023445
-50.89782714843751
-53.81832122802735
-56.28406524658203
-55.192985534667976
-51.71066284179688
-51.40277862548829
-54.631156921386726
-56.47632598876954
-55.2987289428711
-51.82682037353516
-51.208648681640625
-54.08294677734376
-55.66455841064454
-54.04956817626954
-50.41503906250001
-49.691925048828125
-52.60627746582032
-54.35131072998047
-53.07891845703126
-49.65187072753906
-48.91113281250001
-51.6201400756836
-53.1795883178711
-51.490097045898445
-48.01605224609375
-47.5140380859375
-50.42945861816406
-51.984367370605476
-50.104217529296875
-46.55673980712891
-46.2496566772461
-49.238510131835945
-50.38379669189454
-48.43421936035157
-45.33802032470704
-45.146293640136726
-48.45798492431641
-50.48286437988281
-49.16828155517579
-45.48007965087891
-45.472869873046875
-49.238510131835945
-51.28395080566406
-49.84386444091797
-46.47983551025391
-46.32602691650391
-49.45613861083985
-51.44096374511719
-50.2145004272461
-46.74766540527344
-46.5102767944336
-49.99820709228516
-51.98089599609376
-50.370712280273445
-46.69425964355469
-46.34017944335938
-49.41474914550781
-51.21532440185547
-49.303398132324226
-45.273666381835945
-44.89341735839844
-47.99201965332032
-49.682846069335945
-48.10283660888672
-44.690208435058594
-44.45148468017578
-47.602958679199226
-49.237174987792976
-47.613639831542976
-44.44854736328126
-44.59007263183594
-47.85049438476563
-49.68097686767579
