-6.697616577148438
-9.105415344238283
-9.147071838378908
-7.545166015625001
-6.159553527832031
-6.569976806640626
-8.958816528320312
-9.136657714843752
-7.446632385253907
-6.120567321777345
-6.725921630859375
-9.192466735839846
-9.134254455566408
-7.479743957519532
-6.338462829589845
-6.748085021972657
-9.083518981933594
-9.061355590820312
-7.458381652832031
-6.074638366699219
-6.48693084716797
-8.98845672607422
-8.998603820800783
-7.391624450683594
-6.0994720458984375
-6.605491638183595
-8.943862915039064
-9.07524108886719
-7.590827941894531
-6.277046203613282
-6.680259704589844
-9.01115417480469
-8.959884643554688
-7.350234985351563
-6.198539733886719
-6.639404296875001
-9.152412414550783
-9.179649353027346
-7.538757324218751
-6.250610351562501
-6.7841339111328125
-9.196739196777346
-9.134521484375002
-7.523803710937501
-6.083717346191407
-6.7115020751953125
-9.135322570800783
-9.11155700683594
-7.513122558593751
-6.131515502929688
-6.68132781982422
-9.175376892089846
-9.159088134765627
-7.503509521484376
-6.288795471191407
-6.76464080810547
-9.191665649414064
-9.059219360351562
-7.358245849609375
-6.187591552734376
-6.694946289062501
-8.913688659667969
-8.901405334472658
-7.449836730957032
-6.278915405273438
-6.712303161621095
-9.033584594726564
-9.04399871826172
-7.400970458984376
-6.117897033691407
-6.698150634765625
-9.181785583496096
-9.126777648925781
-7.470130920410157
-6.321105957031251
-6.6495513916015625
-9.016494750976564
-9.116897583007812
-7.41912841796875
-6.139259338378907
-6.679191589355469
-9.027442932128908
-9.002876281738281
-7.501373291015626
-6.231651306152345
-6.796951293945313
-9.15081024169922
-8.966026306152346
-7.355041503906251
-6.243934631347657
-6.773452758789063
-9.04186248779297
-8.904609680175783
-7.434349060058595
-6.149940490722656
-6.68212890625
-9.174041748046875
-8.992462158203125
-7.388153076171876
-6.212692260742188
-6.736068725585938
-9.269638061523438
-9.121170043945314
-7.5537109375
-6.37157440185547
-6.988410949707032
-9.316902160644533
-9.089393615722656
-7.560920715332032
-6.267433166503907
-6.830329895019532
-9.25548553466797
-9.140663146972656
-7.520332336425781
-6.2949371337890625
-6.768913269042969
-9.12090301513672
-8.98979187011719
-7.445564270019532
-6.376380920410157
-6.945953369140626
-9.235725402832031
-9.207954406738283
-7.492294311523438
-6.229782104492188
-6.829528808593751
-9.186058044433594
-9.04319763183594
-7.416992187500001
-6.183319091796875
-6.808967590332031
-9.254951477050781
-9.03118133544922
-7.382011413574219
-6.245002746582032
-6.841011047363282
-9.205017089843752
-8.909950256347656
-7.498970031738282
-6.233253479003907
-6.8717193603515625
-9.250144958496096
-8.939857482910156
-7.335815429687501
-6.277046203613282
-6.8556976318359375
-9.107284545898438
-8.925437927246094
-7.39482879638672
-6.235389709472657
-6.896553039550781
-9.131317138671877
-8.88084411621094
-7.28160858154297
-6.194000244140626
-6.963577270507813
-9.391136169433596
-9.018096923828127
-7.306442260742188
-6.095466613769531
-6.831130981445313
-9.243202209472656
-8.83171081542969
-7.265052795410157
-6.275978088378907
-6.874389648437501
-9.16496276855469
-8.981513977050783
-7.257575988769532
-6.23271942138672
-6.99188232421875
-9.335327148437502
-8.793792724609377
-7.181472778320313
-6.1480712890625
-6.945686340332032
-9.369773864746094
-8.991394042968752
-7.324867248535156
-6.161956787109376
-6.969451904296876
-9.12811279296875
-8.805809020996096
-7.299232482910157
-6.162223815917969
-6.897621154785156
-9.103546142578125
-8.883247375488281
-7.373199462890626
-6.171569824218751
-6.856231689453126
-9.120368957519533
-8.802337646484375
-7.3181915283203125
-5.9686279296875
-6.78813934326172
-9.100074768066406
-8.81034851074219
-7.2503662109375
-6.006813049316406
-6.879730224609376
-9.168968200683594
-8.8226318359375
-7.239418029785157
-6.068763732910156
-6.964645385742188
-9.199676513671877
-8.949737548828127
-7.33287811279297
-6.098937988281251
-6.870918273925781
-9.171638488769533
-8.716354370117188
-7.195358276367188
-6.08745574951172
-6.921119689941407
-9.259490966796875
-8.819427490234375
-7.198829650878906
-6.0086822509765625
-6.84581756591797
-9.245071411132814
-8.860549926757814
-7.231674194335938
-6.118431091308594
-6.879730224609376
-9.193000793457033
-8.814888000488283
-7.240753173828126
-6.17717742919922
-7.037811279296875
-9.41650390625
-8.948402404785158
-7.322463989257813
-6.283454895019531
-7.168655395507813
-9.426383972167969
-8.959083557128906
-7.33928680419922
-6.229782104492188
-6.9384765625
-9.217033386230469
-8.762283325195312
-7.246093750000001
-6.03618621826172
-7.10002899169922
-9.411964416503908
-8.787384033203127
-7.235412597656251
-6.260223388671876
-7.114715576171876
-9.373245239257814
-8.814086914062502
-7.180671691894532
-6.058349609375
-7.037010192871095
-9.386329650878906
-8.813552856445312
-7.297096252441406
-6.221237182617188
-7.102699279785156
-9.34867858886719
-8.724098205566408
-7.155036926269531
-6.096534729003906
-7.0500946044921875
-9.32811737060547
-8.803672790527346
-7.148094177246095
-6.130447387695313
-7.135543823242188
-9.506225585937502
-8.823432922363281
-7.127532958984376
-6.07677459716797
-7.086677551269532
-9.415168762207031
-8.840255737304688
-7.17479705810547
-6.193733215332031
-7.102966308593751
-9.349746704101562
-8.734779357910158
-7.183876037597657
-6.084518432617188
-6.973457336425782
-9.415168762207031
-8.75694274902344
-7.133407592773438
-6.149940490722656
-7.071456909179688
-9.31022644042969
-8.756141662597658
-7.202301025390626
-6.134185791015626
-7.104034423828126
-9.36363220214844
-8.782310485839844
-7.126197814941407
-6.080780029296876
-7.204971313476563
-9.324378967285158
-8.814353942871094
-7.188682556152345
-6.091995239257813
-7.016716003417969
-9.41009521484375
-8.925437927246094
-7.228736877441407
-6.193733215332031
-7.151031494140626
-9.384460449218752
-8.75988006591797
-7.178001403808594
-6.093330383300782
-7.124595642089844
-9.412498474121096
-8.773765563964846
-7.132072448730469
-6.118698120117188
-7.086944580078126
-9.263496398925783
-8.536643981933596
-7.079734802246094
-6.060752868652345
-7.108039855957032
-9.324378967285158
-8.556938171386719
-7.190818786621095
-6.108818054199219
-7.170257568359375
-9.52465057373047
-8.851203918457033
-7.120056152343751
-6.1614227294921875
-7.267456054687501
-9.360427856445312
-8.680038452148438
-7.216453552246095
-6.260490417480469
-7.187080383300782
-9.264030456542969
-8.607673645019533
-7.168655395507813
-6.345672607421876
-7.448768615722656
-9.501419067382814
-8.682174682617188
-7.203369140625001
-6.101608276367188
-7.288551330566406
-9.50756072998047
-8.73931884765625
-7.072792053222657
-6.063690185546876
-7.280807495117188
-9.517440795898438
-8.78631591796875
-7.134742736816407
-6.069297790527345
-7.269325256347657
-9.566040039062502
-8.817291259765625
-7.304306030273438
-6.2148284912109375
-7.313117980957032
-9.57298278808594
-8.73985290527344
-7.048492431640626
-6.162490844726563
-7.399902343750001
-9.417572021484375
-8.686714172363281
-7.122459411621095
-6.211090087890625
-7.349700927734376
-9.460029602050783
-8.694190979003906
-6.972389221191407
-5.924301147460938
-7.175865173339845
-9.379653930664062
-8.493118286132812
-6.930732727050782
-6.104812622070313
-7.26879119873047
-9.45842742919922
-8.557472229003908
-7.003364562988281
-5.979843139648438
-7.230072021484376
-9.388465881347656
-8.56254577636719
-6.953697204589845
-5.995063781738282
-7.052764892578126
-9.211425781250002
-8.469619750976562
-6.90563201904297
-5.8666229248046875
-7.150230407714844
-9.35161590576172
-8.45439910888672
-6.872520446777345
-6.0364532470703125
-7.27733612060547
-9.306755065917969
-8.424758911132812
-6.808967590332031
-5.9477996826171875
-7.115516662597657
-9.33025360107422
-8.493652343750002
-6.922988891601563
-6.023902893066406
-7.1579742431640625
-9.337196350097656
-8.551864624023438
-6.965713500976563
-5.98064422607422
-7.207374572753907
-9.329719543457031
-8.517684936523438
-6.970520019531251
-6.074104309082032
-7.308845520019532
-9.435462951660158
-8.581237792968752
-6.963577270507813
-6.020431518554688
-7.222862243652345
-9.359626770019531
-8.478965759277344
-7.018585205078125
-6.15154266357422
-7.446632385253907
-9.386596679687502
-8.553199768066406
-6.959838867187501
-5.981178283691406
-7.368927001953126
-9.338531494140627
-8.472557067871094
-6.804695129394532
-5.800399780273438
-7.147293090820313
-9.326248168945312
-8.6090087890625
-6.930465698242188
-6.012420654296876
-7.309112548828126
-9.47257995605469
-8.64799499511719
-6.976394653320313
-6.039657592773438
-7.378540039062501
-9.377250671386719
-8.430633544921877
-6.826858520507813
-6.000938415527345
-7.31365203857422
-9.441871643066406
-8.57269287109375
-7.05944061279297
-6.171569824218751
-7.435951232910157
-9.452819824218752
-8.67015838623047
-7.22393035888672
-6.312561035156251
-7.485351562500001
-9.60155487060547
-8.662948608398438
-6.971855163574219
-6.1347198486328125
-7.486152648925782
-9.554824829101564
-8.45787048339844
-6.912841796875
-6.007347106933595
-7.323265075683595
-9.432525634765627
-8.536643981933596
-6.914443969726563
-6.137657165527344
-7.440490722656251
-9.393806457519531
-8.449058532714846
-7.019920349121095
-6.07677459716797
-7.452239990234376
-9.557228088378908
-8.574562072753908
-7.058372497558595
-6.248207092285156
-7.437286376953125
-9.387664794921875
-8.541984558105469
-6.873054504394532
-6.0086822509765625
-7.497100830078126
-9.471778869628908
-8.56681823730469
-6.9432830810546875
-6.106414794921876
-7.639961242675782
-9.576187133789062
-8.549194335937502
-6.850357055664063
-6.085052490234375
-7.486419677734376
-9.321708679199219
-8.33690643310547
-6.844215393066406
-5.955810546875001
-7.472000122070313
-9.410362243652346
-8.403663635253908
-6.810035705566407
-6.014022827148438
-7.5937652587890625
-9.495544433593752
-8.357200622558596
-6.75262451171875
-6.12884521484375
-7.568397521972657
-9.415435791015627
-8.226890563964844
-6.743011474609375
-6.105880737304688
-7.593231201171876
-9.445343017578127
-8.419952392578127
-6.947288513183595
-6.197471618652344
-7.693901062011719
-9.58019256591797
-8.564949035644531
-6.8994903564453125
-6.095733642578126
-7.608718872070313
-9.621582031250002
-8.51421356201172
-6.8316650390625
-6.1614227294921875
-7.683486938476563
-9.491539001464844
-8.483772277832033
-7.034606933593751
-6.169433593750001
-7.620735168457032
-9.587936401367188
-8.480567932128906
-6.964378356933594
-6.15154266357422
-7.7005767822265625
-9.552955627441408
-8.419952392578127
-6.943817138671876
-6.068496704101563
-7.68962860107422
-9.58953857421875
-8.531837463378906
-6.955833435058594
-6.116828918457032
-7.742767333984376
-9.56016540527344
-8.448524475097656
-6.930999755859375
-6.161956787109376
-7.745971679687501
-9.719581604003908
-8.523826599121096
-6.909370422363282
-6.147537231445313
-7.797508239746095
-9.731063842773438
-8.639450073242188
-6.96624755859375
-6.2062835693359375
-7.654113769531251
-9.680862426757812
-8.612747192382812
-6.999359130859376
-6.17504119873047
-7.636489868164063
-9.500083923339846
-8.382835388183594
-6.935005187988282
-6.257019042968751
-7.899246215820313
-9.766044616699219
-8.50994110107422
-6.917915344238282
-6.167831420898438
-7.713661193847657
-9.493408203125002
-8.336372375488283
-6.909904479980469
-6.162223815917969
-7.676277160644532
-9.54387664794922
-8.611412048339846
-7.0778656005859375
-6.243667602539063
-7.853050231933594
-9.647216796875
-8.543853759765627
-7.009773254394532
-6.386795043945313
-7.897109985351563
-9.594879150390627
-8.38603973388672
-6.777191162109376
-6.1651611328125
-7.7262115478515625
-9.50542449951172
-8.445053100585938
-6.771583557128906
-6.227378845214845
-7.873077392578125
-9.514770507812502
-8.376693725585938
-6.887207031250001
-6.071166992187501
-7.767333984375
-9.682197570800781
-8.480567932128906
-6.72698974609375
-6.068763732910156
-7.907257080078126
-9.623184204101564
-8.446388244628906
-6.793746948242188
-6.047134399414063
-7.8159332275390625
-9.578857421875002
-8.569755554199219
-6.839942932128907
-6.096534729003906
-7.909126281738283
-9.614105224609375
-8.462677001953125
-6.877059936523438
-6.315765380859375
-7.893371582031251
-9.68620300292969
-8.517684936523438
-6.887474060058595
-6.285591125488282
-8.052520751953125
-9.725990295410156
-8.605270385742188
-7.061576843261719
-6.438064575195313
-8.17028045654297
-9.786338806152346
-8.44879150390625
-6.968917846679688
-6.405220031738282
-8.098716735839844
-9.691276550292969
-8.395118713378906
-6.848220825195313
-6.233520507812501
-8.231430053710938
-9.761505126953125
-8.474693298339844
-6.965980529785157
-6.369171142578125
-8.097648620605469
-9.692077636718752
-8.421821594238281
-6.8279266357421875
-6.315231323242188
-8.181495666503906
-9.636802673339844
-8.441848754882812
-6.992416381835938
-6.356086730957032
-8.129959106445314
-9.855232238769533
-8.56468200683594
-6.824188232421875
-6.3024139404296875
-8.14971923828125
-9.75536346435547
-8.503799438476564
-6.911239624023438
-6.395072937011719
-8.108062744140625
-9.620780944824219
-8.321151733398438
-6.737670898437501
-6.3702392578125
-8.065338134765625
-9.565505981445314
-8.324089050292969
-6.911239624023438
-6.334724426269532
-8.014869689941406
-9.60662841796875
-8.28857421875
-6.781196594238281
-6.119232177734376
-8.120880126953125
-9.689407348632814
-8.332901000976562
-6.834602355957031
-6.318435668945313
-8.153457641601562
-9.504890441894531
-8.210334777832033
-6.797752380371095
-6.366233825683595
-8.247718811035156
-9.694747924804688
-8.35399627685547
-6.8108367919921875
-6.247138977050781
-8.138771057128906
-9.579925537109375
-8.263206481933594
-6.751022338867188
-6.225509643554688
-8.100852966308594
-9.5916748046875
-8.325157165527346
-6.706962585449219
-6.160621643066407
-8.06987762451172
-9.686737060546875
-8.319015502929688
-6.828460693359376
-6.1507415771484375
-8.033027648925783
-9.603424072265625
-8.312339782714844
-6.740074157714845
-6.231651306152345
-8.067474365234375
-9.462699890136719
-8.088836669921875
-6.670379638671876
-6.0898590087890625
-7.959861755371094
-9.465904235839846
-8.133964538574219
-6.541404724121095
-6.113357543945313
-8.177757263183594
-9.514770507812502
-8.146247863769533
-6.6762542724609375
-6.159019470214845
-8.027153015136719
-9.435997009277344
-8.078956604003908
-6.730995178222657
-6.151008605957031
-8.060798645019531
-9.538002014160158
-8.267478942871094
-6.76677703857422
-6.305351257324219
-8.13743591308594
-9.399681091308594
-8.04344177246094
-6.63005828857422
-6.262359619140625
-8.172149658203125
-9.516105651855469
-8.011932373046875
-6.598014831542969
-6.141395568847656
-8.063201904296877
-9.378318786621096
-8.062934875488281
-6.67144775390625
-6.196136474609376
-8.072013854980469
-9.422378540039064
-8.019142150878906
-6.688270568847657
-6.248741149902345
-8.180160522460938
-9.482994079589846
-8.075485229492188
-6.573181152343751
-6.05113983154297
-8.089637756347656
-9.564704895019533
-8.26213836669922
-6.654624938964845
-6.146736145019532
-8.214340209960938
-9.518508911132814
-8.145713806152346
-6.663970947265625
-6.058082580566407
-8.11553955078125
-9.50408935546875
-8.061866760253908
-6.5924072265625
-6.270103454589844
-8.202590942382812
-9.461364746093752
-8.132896423339846
-6.44927978515625
-5.975303649902344
-8.070678710937502
-9.270439147949219
-7.941169738769531
-6.3665008544921875
-6.071434020996095
-8.220748901367188
-9.452552795410158
-8.163337707519533
-6.600151062011719
-6.096267700195313
-8.290977478027346
-9.448280334472658
-8.042106628417969
-6.590805053710938
-6.1699676513671875
-8.243446350097658
-9.395942687988281
-8.13957214355469
-6.726722717285157
-6.222839355468751
-8.276824951171877
-9.45415496826172
-8.144378662109375
-6.585731506347656
-6.200942993164063
-8.376426696777346
-9.479255676269533
-8.01139831542969
-6.584663391113281
-6.186256408691406
-8.26934814453125
-9.543342590332031
-8.057060241699219
-6.657028198242188
-6.233787536621094
-8.355064392089844
-9.477653503417969
-8.113670349121096
-6.602554321289063
-6.177978515625001
-8.230361938476564
-9.36656951904297
-7.967872619628906
-6.535797119140626
-6.274909973144531
-8.411140441894533
-9.484062194824219
-8.066673278808594
-6.524047851562501
-6.208152770996094
-8.334236145019531
-9.487800598144531
-8.051452636718752
-6.513633728027345
-6.221771240234376
-8.344917297363281
-9.449348449707031
-7.948646545410156
-6.39293670654297
-6.246871948242188
-8.316345214843752
-9.372177124023438
-8.047981262207031
-6.508026123046876
-6.169700622558595
-8.3056640625
-9.351348876953125
-7.8786849975585955
-6.441268920898438
-6.118698120117188
-8.180160522460938
-9.259223937988283
-7.91393280029297
-6.357421875000001
-6.032447814941407
-8.23009490966797
-9.39781188964844
-7.880554199218751
-6.420974731445313
-6.162223815917969
-8.419685363769531
-9.46617126464844
-8.077354431152346
-6.519775390625001
-6.166229248046875
-8.371887207031252
-9.3096923828125
-7.8960418701171875
-6.325111389160157
-6.058082580566407
-8.375091552734375
-9.316101074218752
-7.843704223632813
-6.311492919921876
-6.084518432617188
-8.316612243652344
-9.362030029296877
-7.742233276367188
-6.33392333984375
-6.246070861816407
-8.383636474609377
-9.449348449707031
-7.96520233154297
-6.546211242675782
-6.200141906738282
-8.345184326171877
-9.179916381835938
-7.805252075195313
-6.492538452148438
-6.32030487060547
-8.422622680664062
-9.481124877929688
-7.950515747070313
-6.45061492919922
-6.134986877441407
-8.443183898925783
-9.406890869140625
-7.838096618652344
-6.394538879394532
-6.139259338378907
-8.43597412109375
-9.386329650878906
-7.991371154785157
-6.397476196289063
-6.094131469726563
-8.335571289062502
-9.431190490722658
-7.839965820312501
-6.4444732666015625
-6.356086730957032
-8.45573425292969
-9.353752136230469
-7.897377014160156
-6.447410583496094
-6.190261840820313
-8.332099914550781
-9.36229705810547
-7.917137145996095
-6.421775817871094
-6.236724853515625
-8.428764343261719
-9.318237304687502
-7.918472290039063
-6.39293670654297
-6.1977386474609375
-8.391914367675783
-9.287796020507814
-7.799911499023438
-6.481590270996095
-6.353416442871095
-8.583374023437502
-9.418907165527344
-7.902717590332031
-6.475715637207032
-6.362762451171876
-8.567085266113283
-9.304618835449219
-7.869873046875002
-6.521377563476563
-6.2863922119140625
-8.441314697265625
-9.462966918945314
-7.937164306640626
-6.441535949707032
-6.227912902832032
-8.405799865722656
-9.339599609375
-7.909927368164064
-6.42498016357422
-6.350479125976563
-8.567886352539064
-9.411430358886719
-7.931823730468751
-6.423377990722657
-6.286659240722657
-8.575897216796877
-9.379653930664062
-7.703781127929688
-6.286926269531251
-6.226844787597657
-8.417816162109377
-9.240264892578125
-7.763061523437501
-6.408691406250001
-6.319770812988281
-8.498458862304688
-9.241600036621094
-7.836761474609376
-6.424179077148438
-6.4177703857421875
-8.613014221191408
-9.242935180664062
-7.744636535644532
-6.368904113769532
-6.21990203857422
-8.676300048828125
-9.37938690185547
-7.986030578613282
-6.582260131835938
-6.47705078125
-8.55052947998047
-9.262428283691406
-7.861328125000001
-6.520309448242188
-6.436462402343751
-8.807411193847658
-9.419441223144533
-7.8143310546875
-6.31603240966797
-6.2415313720703125
-8.696861267089846
-9.482460021972658
-7.89257049560547
-6.493873596191407
-6.456222534179688
-8.673362731933594
-9.358558654785158
-7.834091186523438
-6.33392333984375
-6.412963867187501
-8.625297546386719
-9.298477172851564
-7.792701721191407
-6.334457397460938
-6.363563537597656
-8.585243225097656
-9.3096923828125
-7.810325622558595
-6.430320739746094
-6.451950073242188
-8.726501464843752
-9.335594177246096
-7.748107910156251
-6.350746154785157
-6.416702270507813
-8.729438781738283
-9.209823608398438
-7.727012634277345
-6.47838592529297
-6.547813415527345
-8.8824462890625
-9.348144531250002
-7.741432189941407
-6.389999389648438
-6.426315307617188
-8.63731384277344
-9.117431640625002
-7.827148437500001
-6.347808837890626
-6.266098022460938
-8.63811492919922
-9.320907592773438
-7.881355285644532
-6.470642089843751
-6.528053283691407
-8.86322021484375
-9.438934326171875
-7.874946594238282
-6.378250122070313
-6.431922912597657
-8.79753112792969
-9.465904235839846
-7.952919006347658
-6.401214599609376
-6.431121826171875
-8.788185119628908
-9.250144958496096
-7.746772766113282
-6.4893341064453125
-6.515235900878906
-8.804206848144533
-9.364967346191408
-7.781753540039063
-6.327781677246095
-6.453819274902345
-8.752937316894531
-9.215431213378908
-7.699241638183595
-6.333389282226563
-6.43352508544922
-8.796463012695312
-9.23759460449219
-7.7176666259765625
-6.375846862792969
-6.3932037353515625
-8.718757629394531
-9.301681518554688
-7.78789520263672
-6.45782470703125
-6.359558105468751
-8.841056823730469
-9.261360168457033
-7.748374938964845
-6.449813842773438
-6.590805053710938
-9.034385681152346
-9.29607391357422
-7.722206115722657
-6.368904113769532
-6.47624969482422
-8.833312988281252
-9.304618835449219
-7.8714752197265625
-6.454353332519532
-6.509094238281251
-8.95294189453125
-9.39781188964844
-7.795639038085938
-6.351814270019532
-6.603355407714845
-8.915290832519531
-9.321441650390627
-7.8469085693359375
-6.4444732666015625
-6.558761596679688
-8.96842956542969
-9.371910095214846
-7.603912353515626
-6.257286071777345
-6.456222534179688
-8.748397827148438
-9.190864562988283
-7.627410888671876
-6.32671356201172
-6.415634155273438
-8.901672363281252
-9.30889129638672
-7.711524963378907
-6.185188293457031
-6.35234832763672
-8.806877136230469
-9.257087707519531
-7.692031860351563
-6.221237182617188
-6.465568542480469
-8.908615112304688
-9.202346801757812
-7.565193176269532
-6.29894256591797
-6.546745300292969
-8.819961547851564
-9.190330505371094
-7.70030975341797
-6.352081298828125
-6.605224609375001
-8.912620544433596
-9.162559509277346
-7.585220336914063
-6.340866088867188
-6.624183654785157
-8.925704956054688
-9.208755493164064
-7.786560058593751
-6.338462829589845
-6.374244689941407
-8.712348937988283
-9.168701171875002
-7.597503662109375
-6.226310729980469
-6.52538299560547
-8.894996643066408
-9.14787292480469
-7.645301818847657
-6.389732360839845
-6.7488861083984375
-9.052810668945314
-9.187660217285158
-7.600708007812501
-6.321907043457032
-6.505355834960938
-8.878173828125
-9.197807312011719
-7.564125061035156
-6.195335388183595
-6.611099243164063
-8.9892578125
-9.19139862060547
-7.550773620605469
-6.217765808105469
-6.58519744873047
-8.877639770507814
-9.069900512695314
-7.472267150878907
-6.180648803710938
-6.5341949462890625
-8.952140808105469
-9.13158416748047
-7.549171447753907
-6.255683898925781
-6.687202453613282
-9.034652709960938
-9.201011657714846
-7.505111694335938
-6.283454895019531
-6.684265136718751
-9.129981994628908
-9.289131164550781
-7.549171447753907
-6.226310729980469
-6.520843505859375
-9.052810668945314
-9.265899658203127
-7.506713867187501
-6.153144836425782
-6.585731506347656
-9.048004150390625
-9.15081024169922
-7.51445770263672
-6.140060424804688
-6.568641662597656
-8.877906799316408
-9.008483886718752
-7.539825439453126
-6.253013610839844
-6.631927490234376
-9.086723327636719
-9.207954406738283
-7.588157653808595
-6.384658813476563
-6.708030700683595
-9.056549072265627
-9.123573303222656
-7.614593505859376
-6.302947998046876
-6.663169860839845
-9.0576171875
-9.168968200683594
-7.541694641113282
-6.231117248535156
-6.752357482910157
-9.157218933105469
-9.31529998779297
-7.577209472656251
-6.369171142578125
-6.86931610107422
-9.253349304199219
-9.138793945312502
-7.502441406250001
-6.19293212890625
-6.688003540039063
-9.199676513671877
-9.317436218261719
-7.604446411132813
-6.365699768066407
-6.753158569335938
-9.203147888183594
-9.14573669433594
-7.538490295410157
-6.3216400146484375
-6.695213317871095
-9.183387756347658
-9.224510192871094
-7.606849670410157
-6.287193298339844
-6.659431457519532
-9.116897583007812
-9.179649353027346
-7.561988830566407
-6.287727355957032
-6.70269012451172
-9.025039672851562
-9.18418884277344
-7.6204681396484375
-6.2041473388671875
-6.665306091308595
-8.9892578125
-9.127044677734377
-7.46532440185547
-6.21349334716797
-6.646080017089845
-9.085388183593752
-8.947334289550783
-7.26024627685547
-6.048469543457032
-6.5779876708984375
-9.07817840576172
-9.010620117187502
-7.579879760742188
-6.306419372558594
-6.833534240722657
-9.09873962402344
-9.014625549316406
-7.430877685546876
-6.288795471191407
-6.811370849609376
-9.272842407226562
-9.189529418945312
-7.534484863281251
-6.120834350585938
-6.6094970703125
-9.174842834472656
-9.006614685058594
-7.322463989257813
-6.264228820800781
-6.924057006835938
-9.246139526367188
-9.121971130371096
-7.500572204589845
-6.0994720458984375
-6.603889465332031
-9.123306274414064
-8.964691162109377
-7.293891906738282
-6.104278564453125
-6.737670898437501
-9.084854125976564
-8.998069763183596
-7.314186096191407
-6.060752868652345
-6.646080017089845
-9.159355163574219
-8.977508544921875
-7.289085388183595
-6.176643371582031
-6.732864379882813
-9.21356201171875
-9.04319763183594
-7.378540039062501
-6.133918762207032
-6.730194091796876
-9.068832397460938
-8.834381103515625
-7.386016845703126
-6.132049560546876
-6.667442321777345
-9.151878356933594
-8.889389038085938
-7.460784912109376
-6.064758300781251
-6.624183654785157
-9.112892150878908
-8.936653137207031
-7.268257141113282
-6.221504211425781
-6.74327850341797
-9.204750061035158
-8.896331787109377
-7.276802062988282
-6.041793823242188
-6.7889404296875
-9.262161254882814
-9.192199707031252
-7.344360351562501
-6.178245544433595
-6.732330322265626
-9.152679443359375
-8.908615112304688
-7.318725585937501
-6.198005676269532
-6.862106323242188
-9.177513122558596
-8.96068572998047
-7.426338195800782
-6.185989379882813
-6.92699432373047
-9.198341369628908
-8.944396972656252
-7.285346984863282
-6.084251403808594
-6.773719787597657
-9.159355163574219
-8.969497680664062
-7.3705291748046875
-6.252746582031251
-6.90776824951172
-9.188728332519533
-8.889923095703125
-7.279739379882813
-5.97423553466797
-6.83300018310547
-9.265365600585938
-9.021568298339846
-7.353706359863282
-6.18358612060547
-6.83513641357422
-9.209289550781252
-8.837585449218752
-7.257041931152344
-6.147537231445313
-6.922454833984375
-9.265098571777346
-8.90434265136719
-7.385215759277345
-6.211624145507813
-7.0682525634765625
-9.377784729003908
-8.985252380371096
-7.282943725585938
-6.171569824218751
-7.019920349121095
-9.232521057128908
-8.891792297363283
-7.308311462402345
-6.186790466308595
-6.928596496582032
-9.226112365722656
-8.946266174316406
-7.304573059082032
-6.270637512207032
-6.951026916503906
-9.269371032714846
-8.97056579589844
-7.274398803710938
-6.110153198242188
-6.9699859619140625
-9.33238983154297
-8.93718719482422
-7.322998046875001
-6.124572753906251
-6.958236694335938
-9.339866638183596
-8.852539062500002
-7.2188568115234375
-6.112556457519532
-6.958503723144531
-9.262962341308594
-8.814888000488283
-7.176933288574219
-6.24420166015625
-6.9625091552734375
-9.22264099121094
-8.766288757324219
-7.15557098388672
-6.038589477539063
-6.937141418457032
-9.294471740722658
-8.84666442871094
-7.229003906250001
-6.05113983154297
-6.879730224609376
-9.329185485839844
-8.807144165039064
-7.191352844238281
-6.126441955566407
-6.877059936523438
-9.072303771972656
-8.792991638183594
-7.473068237304688
-6.198005676269532
-6.937675476074219
-9.340400695800781
-8.892593383789064
-7.155838012695313
-6.040992736816407
-6.910972595214844
-9.261627197265625
-8.700599670410158
-7.054634094238282
-6.063423156738282
-7.055435180664063
-9.357223510742188
-8.823966979980469
-7.258377075195313
-6.069297790527345
-6.986007690429688
-9.192733764648438
-8.664016723632814
-7.259445190429688
-6.214561462402345
-7.090682983398438
-9.41570281982422
-8.838119506835938
-7.30724334716797
-6.270370483398438
-7.088012695312501
-9.405822753906252
-8.73931884765625
-7.166786193847657
-6.084518432617188
-7.087478637695313
-9.268836975097658
-8.750267028808596
-7.098159790039063
-6.051406860351563
-7.056236267089845
-9.427719116210938
-8.913154602050781
-7.145156860351563
-5.98705291748047
-7.052497863769532
-9.282188415527346
-8.790855407714846
-7.17266082763672
-6.102142333984375
-6.892280578613282
-9.295806884765625
-8.836517333984375
-7.055702209472657
-6.193199157714845
-7.206306457519532
-9.36229705810547
-8.734779357910158
-7.164649963378906
-6.030845642089844
-7.11925506591797
-9.532127380371096
-8.837585449218752
-7.052497863769532
-5.940055847167969
-6.906166076660156
-9.282188415527346
-8.717689514160158
-7.089881896972657
-6.040725708007813
-7.017784118652344
-9.260292053222656
-8.598060607910158
-7.0025634765625
-6.160888671875001
-7.19188690185547
-9.41783905029297
-8.887786865234375
-7.124595642089844
-6.091728210449219
-7.041015625000001
-9.388999938964846
-8.72570037841797
-7.192687988281251
-6.182785034179688
-7.156372070312501
-9.286994934082031
-8.582038879394531
-7.003364562988281
-5.903472900390626
-7.091217041015625
-9.458694458007814
-8.822898864746096
-7.007102966308595
-5.998001098632813
-7.180137634277345
-9.463233947753906
-8.67149353027344
-6.994819641113281
-5.959281921386719
-7.194824218750001
-9.403419494628906
-8.586044311523438
-6.9785308837890625
-5.92723846435547
-7.108306884765625
-9.42211151123047
-8.677635192871096
-7.072525024414063
-6.062355041503907
-7.188148498535157
-9.413032531738281
-8.629570007324219
-6.904830932617188
-5.86742401123047
-6.904296875
-9.247741699218752
-8.573226928710938
-6.960639953613282
-5.951271057128907
-7.073326110839845
-9.357223510742188
-8.636779785156252
-7.065048217773438
-6.0439300537109375
-7.163314819335938
-9.399147033691408
-8.658943176269533
-7.164382934570313
-6.073036193847657
-7.237548828125001
-9.27818298339844
-8.402595520019531
-7.00389862060547
-5.9745025634765625
-7.081871032714845
-9.249343872070314
-8.582839965820312
-6.851959228515626
-5.931777954101563
-7.1921539306640625
-9.301414489746096
-8.486976623535158
-6.98040008544922
-5.963287353515626
-7.15770721435547
-9.287528991699219
-8.585510253906252
-6.994819641113281
-5.891189575195313
-7.0853424072265625
-9.244270324707033
-8.43650817871094
-6.869850158691406
-5.811614990234376
-7.141151428222657
-9.405555725097656
-8.557205200195314
-6.909637451171876
-5.9018707275390625
-7.024726867675782
-9.333190917968752
-8.42449188232422
-6.887207031250001
-6.002540588378907
-7.225799560546876
-9.431724548339846
-8.722496032714844
-7.146492004394531
-6.146202087402344
-7.259712219238282
-9.382324218750002
-8.479232788085938
-6.835937500000001
-5.885047912597657
-7.191085815429688
-9.477386474609375
-8.499794006347656
-6.8060302734375
-5.796394348144532
-7.172126770019531
-9.350547790527344
-8.552131652832033
-6.993751525878907
-5.914688110351563
-7.209777832031251
-9.608497619628908
-8.65734100341797
-6.974258422851563
-5.972633361816406
-7.282142639160157
-9.387130737304688
-8.491249084472658
-7.044486999511719
-6.1080169677734375
-7.363586425781251
-9.46617126464844
-8.548660278320312
-6.774253845214845
-5.891723632812501
-7.322463989257813
-9.305152893066408
-8.438377380371094
-6.918449401855469
-5.9104156494140625
-7.35424041748047
-9.38018798828125
-8.476028442382812
-6.714439392089844
-5.933380126953125
-7.337684631347657
-9.384460449218752
-8.611412048339846
-7.00603485107422
-6.075172424316407
-7.325134277343751
-9.25975799560547
-8.396453857421877
-6.88213348388672
-6.011085510253907
-7.392959594726563
-9.407691955566406
-8.42155456542969
-6.787071228027345
-6.008949279785156
-7.474937438964845
-9.427986145019533
-8.474159240722658
-6.841812133789063
-5.959815979003907
-7.364387512207032
-9.41703796386719
-8.430099487304688
-6.801490783691407
-5.981712341308595
-7.556915283203126
-9.37858581542969
-8.422622680664062
-6.849555969238282
-5.897865295410157
-7.345962524414063
-9.408760070800783
-8.522758483886719
-6.914710998535156
-5.873565673828126
-7.440757751464845
-9.38499450683594
-8.465614318847656
-6.915512084960938
-6.012687683105469
-7.24742889404297
-9.286727905273438
-8.304328918457033
-6.680793762207032
-5.945930480957031
-7.402305603027345
-9.392204284667969
-8.535842895507814
-6.94835662841797
-6.067962646484375
-7.547836303710938
-9.427986145019533
-8.552665710449219
-7.016448974609376
-6.081581115722657
-7.470664978027344
-9.41436767578125
-8.356933593750002
-6.77318572998047
-5.900802612304688
-7.502441406250001
-9.418640136718752
-8.405532836914062
-6.8012237548828125
-5.965423583984376
-7.474403381347657
-9.446678161621096
-8.378562927246096
-6.961708068847657
-6.014556884765625
-7.528343200683595
-9.456024169921875
-8.31474304199219
-6.74407958984375
-6.055946350097657
-7.509918212890626
-9.404487609863283
-8.251991271972656
-6.655426025390625
-5.836448669433595
-7.494697570800782
-9.434661865234377
-8.332366943359375
-6.808166503906251
-5.948600769042969
-7.405242919921876
-9.27177429199219
-8.249053955078125
-6.7478179931640625
-5.968093872070313
-7.542762756347657
-9.304618835449219
-8.242378234863281
-6.863708496093751
-6.0813140869140625
-7.688026428222657
-9.496612548828125
-8.365745544433594
-6.727256774902345
-6.07250213623047
-7.4858856201171875
-9.251480102539064
-8.260269165039062
-6.772918701171876
-6.0439300537109375
-7.599639892578126
-9.432525634765627
-8.27922821044922
-6.777725219726563
-5.90160369873047
-7.42900848388672
-9.262695312500002
-8.194580078125002
-6.558761596679688
-5.8751678466796875
-7.583618164062501
-9.265098571777346
-8.375892639160156
-6.7392730712890625
-5.849266052246095
-7.374801635742188
-9.187393188476562
-8.12114715576172
-6.6954803466796875
-6.011352539062501
-7.516059875488282
-9.268302917480469
-8.192176818847656
-6.625251770019532
-5.949134826660157
-7.559585571289063
-9.374046325683596
-8.303794860839846
-6.768112182617188
-6.026039123535156
-7.483482360839845
-9.340400695800781
-8.282165527343752
-6.59587860107422
-5.92723846435547
-7.548103332519532
-9.390335083007814
-8.304061889648438
-6.623382568359376
-5.8036041259765625
-7.502708435058595
-9.30755615234375
-8.13529968261719
-6.590538024902344
-5.817222595214844
-7.571334838867188
-9.423980712890625
-8.355331420898438
-6.750755310058594
-5.870628356933594
-7.423667907714845
-9.311294555664062
-8.152923583984377
-6.630592346191406
-6.075439453125
-7.751312255859376
-9.32037353515625
-8.061866760253908
-6.687469482421876
-6.116027832031251
-7.720069885253907
-9.250679016113281
-8.254127502441406
-6.7830657958984375
-6.091995239257813
-7.744102478027345
-9.423980712890625
-8.32489013671875
-6.8022918701171875
-6.132049560546876
-7.700042724609376
-9.41997528076172
-8.247718811035156
-6.821784973144532
-6.050605773925781
-7.8143310546875
-9.505958557128908
-8.347320556640627
-6.742210388183594
-6.04259490966797
-7.876281738281251
-9.498214721679688
-8.31768035888672
-6.583328247070313
-5.898933410644532
-7.678146362304688
-9.289665222167969
-8.080558776855469
-6.670646667480469
-6.031646728515625
-7.823410034179688
-9.463768005371096
-8.234901428222656
-6.697082519531251
-6.069030761718751
-7.8202056884765625
-9.462432861328127
-8.179626464843752
-6.669044494628907
-6.047134399414063
-7.780151367187501
-9.38018798828125
-8.227691650390625
-6.604957580566407
-5.9563446044921875
-7.728881835937501
-9.455757141113283
-8.230895996093752
-6.738739013671876
-6.052742004394531
-7.700843811035157
-9.316368103027344
-8.086433410644533
-6.55742645263672
-5.966224670410157
-7.8063201904296875
-9.554557800292969
-8.374023437500002
-6.661834716796876
-6.058082580566407
-7.767868041992188
-9.621047973632814
-8.320884704589844
-6.656494140625001
-5.924835205078125
-7.842903137207032
-9.70409393310547
-8.325691223144531
-6.563835144042969
-5.9477996826171875
-7.918472290039063
-9.395408630371096
-8.110733032226564
-6.591873168945313
-6.075973510742188
-8.041839599609377
-9.577522277832031
-8.387107849121094
-6.953163146972657
-6.25621795654297
-8.069343566894533
-9.550552368164064
-8.2586669921875
-6.698150634765625
-6.219635009765625
-8.022613525390627
-9.481391906738283
-8.253593444824219
-6.720848083496095
-6.100540161132813
-8.012733459472658
-9.521980285644531
-8.231430053710938
-6.750488281250001
-6.290664672851563
-8.003120422363283
-9.579925537109375
-8.343582153320314
-6.804962158203125
-6.180915832519532
-8.055992126464846
-9.465370178222658
-8.133964538574219
-6.725387573242188
-6.280784606933595
-8.099517822265627
-9.444541931152346
-8.303794860839846
-6.800422668457032
-6.28612518310547
-8.213806152343752
-9.582595825195314
-8.305130004882814
-6.765441894531251
-6.232185363769532
-8.157997131347656
-9.57805633544922
-8.203392028808596
-6.839675903320313
-6.163291931152344
-8.01139831542969
-9.513435363769533
-8.166275024414064
-6.657295227050781
-6.148872375488281
-8.079490661621096
-9.570045471191406
-8.047447204589844
-6.554222106933594
-6.167831420898438
-8.130760192871096
-9.648818969726562
-8.29551696777344
-6.683998107910156
-6.216697692871094
-8.058662414550781
-9.445075988769533
-8.15025329589844
-6.6228485107421875
-6.183319091796875
-8.131828308105469
-9.478187561035156
-8.206062316894531
-6.7307281494140625
-6.2062835693359375
-8.051719665527344
-9.438667297363283
-8.11126708984375
-6.585731506347656
-6.25621795654297
-8.107795715332033
-9.432525634765627
-8.120613098144531
-6.703491210937501
-6.269035339355469
-8.128089904785156
-9.488067626953127
-8.099250793457031
-6.595077514648438
-6.186523437500001
-8.219680786132814
-9.606895446777346
-8.214073181152344
-6.684265136718751
-6.143531799316407
-8.132362365722658
-9.364700317382812
-7.974014282226563
-6.613235473632813
-6.220169067382813
-8.110198974609377
-9.447212219238281
-8.083496093750002
-6.613235473632813
-6.258087158203126
-8.071212768554688
-9.287796020507814
-8.079490661621096
-6.536598205566407
-6.084785461425782
-8.153724670410158
