-2.3314285278320317
-5.309333801269532
-9.69635009765625
-8.093910217285156
-2.9597473144531254
-2.389640808105469
-5.048713684082032
-10.170326232910156
-9.011421203613283
-3.1250381469726562
-2.6628112792968754
-5.741119384765626
-10.49022674560547
-8.58177185058594
-3.050003051757813
-2.866287231445313
-5.8409881591796875
-10.585823059082031
-9.154815673828125
-3.3653640747070312
-3.420372009277344
-6.286926269531251
-10.659255981445312
-8.677635192871096
-3.1845855712890625
-2.6267623901367188
-5.806808471679688
-10.310516357421875
-8.59458923339844
-3.4895324707031254
-3.3295822143554688
-5.91522216796875
-10.351371765136719
-8.229293823242188
-3.3098220825195317
-2.969894409179688
-6.071434020996095
-10.544967651367188
-8.280296325683594
-3.7982177734375004
-3.8676452636718754
-6.314964294433594
-10.41118621826172
-8.471221923828127
-3.6238479614257817
-3.571243286132813
-5.906410217285157
-9.832000732421875
-8.340377807617188
-3.2310485839843754
-3.0777740478515625
-5.907745361328125
-9.99248504638672
-8.037567138671875
-3.108482360839844
-3.4393310546875004
-5.824165344238282
-9.79515075683594
-7.927284240722657
-2.985649108886719
-3.053207397460938
-6.332855224609376
-10.248832702636719
-8.420486450195312
-3.7138366699218754
-3.4903335571289067
-5.822296142578126
-9.98313903808594
-8.119544982910158
-3.486862182617188
-3.3477401733398438
-6.214294433593751
-10.353775024414064
-8.290443420410158
-3.941879272460938
-3.5995483398437504
-6.155548095703125
-10.551910400390627
-8.241310119628908
-3.839073181152344
-3.6708450317382817
-6.2767791748046875
-10.87127685546875
-8.84960174560547
-3.872451782226563
-3.5565567016601562
-6.662101745605469
-10.544433593750002
-8.499526977539064
-3.9648437500000004
-4.450569152832031
-7.200164794921876
-11.181297302246094
-8.944931030273438
-4.164047241210938
-4.057235717773438
-7.231941223144532
-11.29905700683594
-8.81034851074219
-3.822250366210938
-3.882064819335938
-6.819915771484376
-11.14604949951172
-8.892059326171875
-3.9960861206054696
-3.970718383789063
-7.288284301757813
-11.045913696289064
-8.560676574707031
-3.7167739868164062
-3.8994216918945317
-7.167320251464845
-11.420555114746096
-8.768157958984377
-3.9835357666015625
-4.439888000488281
-7.270660400390626
-11.424560546875
-9.013023376464844
-4.375801086425782
-4.557113647460938
-7.4239349365234375
-11.376228332519533
-8.846931457519531
-4.0785980224609375
-4.123725891113281
-7.380943298339845
-11.581573486328127
-9.281654357910156
-4.2751312255859375
-4.258842468261719
-7.250900268554688
-12.028846740722658
-9.240798950195312
-4.287681579589844
-4.165115356445313
-7.433013916015626
-11.926307678222658
-9.402351379394533
-4.204101562500001
-4.271392822265625
-7.459983825683595
-11.62803649902344
-9.261627197265625
-4.109573364257813
-4.028396606445313
-7.179603576660157
-11.596527099609377
-8.572959899902346
-3.3162307739257812
-3.501815795898438
-7.013778686523438
-11.242446899414064
-8.444519042968752
-3.186721801757813
-3.019027709960938
-6.127243041992188
-10.697975158691408
-7.884559631347657
-2.761344909667969
-2.86041259765625
-6.39293670654297
-10.717735290527344
-7.90966033935547
-3.016357421875
-2.9402542114257817
-6.479187011718751
-10.987434387207033
-7.925682067871094
-3.008346557617188
-3.1594848632812504
-6.693077087402345
-10.889968872070314
-7.80498504638672
-2.6505279541015625
-2.9212951660156254
-6.35448455810547
-10.577545166015625
-7.571334838867188
-2.793121337890625
-3.224906921386719
-6.607894897460938
-11.067543029785158
-8.17668914794922
-3.299674987792969
-3.3421325683593754
-6.71337127685547
-11.209602355957031
-8.288841247558596
-2.9872512817382812
-3.2361221313476562
-6.984939575195313
-11.25419616699219
-7.979087829589844
-3.0438613891601567
-3.6153030395507817
-6.986541748046876
-11.466751098632814
-8.619956970214844
-3.2662963867187504
-3.433189392089844
-7.206306457519532
-11.441383361816408
-8.444519042968752
-3.376312255859375
-3.4839248657226567
-7.101898193359376
-11.740455627441408
-8.48724365234375
-3.624382019042969
-3.9677810668945317
-7.681884765625001
-12.202148437500002
-8.831977844238281
-3.8599014282226567
-3.7819290161132817
-7.199363708496095
-11.61094665527344
-8.391113281250002
-2.9557418823242188
-3.2209014892578125
-6.710433959960938
-11.064071655273438
-7.865066528320313
-2.8174209594726562
-3.1925964355468754
-7.070388793945313
-11.758079528808596
-8.157730102539062
-3.0940628051757812
-3.5127639770507817
-7.136611938476563
-12.008018493652346
-8.516616821289064
-3.450546264648438
-3.748283386230469
-7.4153900146484375
-11.98131561279297
-8.499526977539064
-3.2585525512695312
-3.5907363891601567
-7.601509094238282
-12.165565490722656
-8.726234436035156
-2.954940795898438
-3.3829879760742188
-7.576141357421876
-12.236862182617188
-8.541984558105469
-2.9597473144531254
-3.782463073730469
-7.973480224609376
-12.94048309326172
-8.897666931152346
-3.4436035156250004
-3.894882202148438
-8.01139831542969
-12.54528045654297
-8.291778564453127
-2.8470611572265625
-3.2638931274414067
-7.398834228515626
-12.065162658691408
-8.403930664062502
-3.0857849121093754
-3.6614990234375004
-7.959327697753907
-12.797889709472658
-9.009284973144531
-3.4617614746093754
-3.9624404907226562
-8.023681640625
-13.13194274902344
-8.93852233886719
-3.3010101318359375
-3.8823318481445317
-8.142242431640625
-13.10630798339844
-8.787384033203127
-3.3122253417968754
-3.741874694824219
-7.810859680175782
-12.885208129882812
-8.529434204101562
-2.7754974365234375
-3.5266494750976567
-7.976951599121095
-12.949829101562502
-8.412208557128906
-3.1720352172851567
-4.081268310546875
-8.238639831542969
-13.21178436279297
-8.799133300781252
-2.9066085815429688
-3.758964538574219
-8.195915222167969
-12.971458435058596
-8.167610168457031
-2.512474060058594
-3.1693649291992188
-7.508316040039063
-12.199745178222656
-7.926483154296875
-2.548789978027344
-3.3261108398437504
-8.232231140136719
-13.361854553222658
-8.486175537109377
-2.5853729248046875
-3.4796524047851567
-8.195381164550783
-13.038749694824219
-8.290443420410158
-2.6486587524414062
-3.4403991699218754
-7.838096618652344
-12.704429626464846
-8.027687072753908
-2.508201599121094
-3.2513427734375
-7.818336486816407
-12.381324768066408
-7.43114471435547
-1.9001770019531252
-2.9199600219726562
-7.779083251953126
-12.405891418457031
-7.993507385253907
-2.5939178466796875
-3.30902099609375
-8.065338134765625
-12.619781494140627
-7.761459350585938
-2.603263854980469
-3.4070205688476567
-8.207664489746094
-12.764778137207033
-7.646369934082032
-2.037162780761719
-2.977104187011719
-7.855186462402344
-12.404022216796877
-7.54436492919922
-2.3570632934570317
-3.6080932617187504
-8.326759338378908
-13.19255828857422
-8.112335205078127
-2.669486999511719
-3.399276733398438
-8.333702087402344
-12.749290466308594
-7.793769836425782
-2.367210388183594
-3.1146240234375004
-8.073081970214846
-12.69908905029297
-7.561187744140626
-2.3834991455078125
-3.3015441894531254
-7.921142578125
-12.539405822753906
-7.715530395507813
-2.6817703247070317
-3.9939498901367188
-8.934516906738281
-13.378677368164064
-8.052253723144533
-2.8390502929687504
-3.8703155517578125
-8.734779357910158
-13.088684082031252
-7.800712585449219
-2.4884414672851562
-3.2956695556640625
-8.065338134765625
-12.630996704101564
-7.09869384765625
-1.9316864013671877
-3.1720352172851567
-8.134765625
-12.584533691406252
-7.190818786621095
-1.9316864013671877
-3.0158233642578125
-7.885894775390626
-12.052879333496094
-6.782798767089845
-1.8408966064453127
-2.818222045898438
-7.63408660888672
-12.025909423828127
-6.985206604003906
-1.8649291992187502
-2.938919067382813
-7.74944305419922
-12.204017639160158
-6.760101318359376
-1.353569030761719
-2.6499938964843754
-7.595634460449219
-12.198677062988283
-6.726722717285157
-1.72607421875
-3.0710983276367188
-7.866401672363281
-12.199478149414064
-6.671981811523438
-1.8518447875976565
-3.290328979492188
-8.479232788085938
-12.92259216308594
-7.379608154296876
-2.0465087890625
-3.192062377929688
-8.163070678710938
-12.536201477050783
-6.946220397949219
-1.9252777099609377
-3.1693649291992188
-8.136634826660158
-12.184257507324219
-6.434326171875001
-1.4940261840820315
-2.868156433105469
-8.202857971191408
-12.35942840576172
-6.528587341308594
-1.7679977416992188
-3.0297088623046875
-8.26427459716797
-12.411231994628906
-6.704292297363282
-1.6053771972656252
-2.756271362304688
-7.927818298339844
-11.7108154296875
-6.111488342285157
-1.386680603027344
-2.811546325683594
-8.202857971191408
-12.275314331054688
-6.434593200683595
-1.6507720947265627
-3.2158279418945317
-8.485641479492188
-12.734870910644533
-6.69414520263672
-1.5479660034179688
-2.95440673828125
-7.982559204101564
-11.917495727539064
-6.160621643066407
-1.3119125366210938
-2.793388366699219
-8.21807861328125
-12.392539978027344
-6.343002319335938
-1.6125869750976562
-3.251609802246094
-8.406333923339844
-12.329521179199219
-6.506690979003906
-1.9776153564453127
-3.4625625610351562
-8.751335144042969
-12.20775604248047
-6.073303222656251
-1.4342117309570312
-2.7333068847656254
-7.988433837890626
-11.935386657714846
-5.68798065185547
-1.2646484375000002
-2.7840423583984375
-8.000450134277344
-12.167701721191408
-6.029243469238282
-1.6048431396484377
-3.3920669555664062
-8.739051818847658
-12.38719940185547
-6.024436950683595
-1.7861557006835938
-3.548545837402344
-8.886985778808594
-12.992286682128908
-7.04021453857422
-2.2961807250976567
-3.774185180664063
-8.85894775390625
-12.40348815917969
-5.902404785156251
-1.436614990234375
-3.418502807617188
-9.092330932617188
-12.634735107421877
-6.27544403076172
-1.8416976928710938
-3.08685302734375
-4.5966339111328125
-9.601821899414064
-12.418174743652346
-6.52111053466797
-2.8195571899414067
-4.069519042968751
-8.971099853515627
-11.840591430664064
-6.109619140625001
-2.488174438476563
-3.8866043090820317
-9.066696166992188
-12.131919860839846
-6.453018188476563
-3.0633544921875004
-4.820137023925782
-10.088348388671877
-12.887344360351562
-6.946754455566407
-3.357353210449219
-4.858589172363281
-10.012245178222656
-12.80590057373047
-7.0367431640625
-3.6679077148437504
-5.238304138183594
-10.246963500976564
-13.058509826660158
-7.067718505859376
-3.3888626098632817
-4.9085235595703125
-10.216522216796877
-12.817649841308594
-6.947021484375001
-3.5768508911132817
-5.266609191894532
-10.447235107421877
-13.055038452148438
-7.23674774169922
-3.754959106445313
-5.227622985839844
-10.296096801757814
-12.986412048339846
-7.147827148437501
-3.6999511718750004
-5.150985717773438
-10.243759155273438
-13.030738830566408
-7.064781188964845
-3.643875122070313
-5.176887512207032
-10.386886596679688
-13.053436279296875
-7.2989654541015625
-3.9744567871093754
-5.479965209960938
-10.41118621826172
-12.75890350341797
-6.690139770507813
-3.446273803710938
-5.040435791015626
-10.2325439453125
-12.727661132812502
-6.705894470214844
-3.5301208496093754
-5.014533996582032
-10.168724060058594
-12.531394958496094
-6.557960510253906
-3.2804489135742188
-4.98382568359375
-10.124931335449219
-12.599754333496096
-6.600685119628907
-3.4753799438476567
-5.21800994873047
-10.660057067871096
-13.176002502441406
-7.279739379882813
-4.07379150390625
-5.686645507812501
-10.88115692138672
-13.29216003417969
-7.50377655029297
-4.230804443359376
-5.722694396972656
-10.999183654785158
-13.560523986816408
-7.670936584472656
-4.471931457519532
-6.258888244628907
-11.374092102050781
-13.629417419433596
-7.533950805664063
-4.290351867675781
-5.744323730468751
-10.905990600585938
-13.331680297851562
-7.464790344238282
-4.417724609375001
-5.999336242675781
-11.243782043457033
-13.404312133789062
-7.30377197265625
-4.10503387451172
-5.64525604248047
-10.841636657714844
-13.207778930664062
-7.304306030273438
-4.018516540527344
-5.692787170410157
-10.940971374511719
-13.162384033203127
-7.14916229248047
-4.217987060546875
-5.766487121582031
-11.114807128906252
-13.585357666015625
-7.502708435058595
-4.390220642089845
-5.86181640625
-11.128425598144533
-13.36772918701172
-7.1569061279296875
-4.145889282226563
-6.003074645996094
-11.344985961914064
-13.681755065917969
-7.674140930175782
-4.6147918701171875
-6.323776245117188
-11.781578063964846
-13.85986328125
-7.585220336914063
-4.448432922363281
-6.127510070800782
-11.599464416503908
-13.792572021484377
-7.45464324951172
-4.268455505371094
-5.885581970214845
-11.365280151367188
-13.675613403320314
-7.56359100341797
-4.547767639160156
-6.104812622070313
-11.454467773437502
-13.604316711425783
-7.404441833496095
-4.434547424316406
-6.235389709472657
-11.97784423828125
-14.267883300781252
-8.115272521972658
-5.175552368164063
-6.578254699707032
-12.46116638183594
-14.604873657226564
-8.226089477539062
-5.3784942626953125
-7.053298950195313
-12.33085632324219
-14.45293426513672
-8.03356170654297
-4.932823181152345
-6.724319458007813
-12.57865905761719
-14.856681823730469
-8.585510253906252
-5.524826049804688
-7.545967102050781
-13.426208496093752
-15.403823852539064
-8.842658996582031
-5.570755004882813
-7.248764038085938
-12.999763488769533
-15.09166717529297
-8.625297546386719
-5.4415130615234375
-6.921653747558595
-12.202148437500002
-13.937034606933594
-7.551040649414063
-4.378738403320313
-6.228713989257813
-12.19841003417969
-14.007530212402346
-7.71392822265625
-4.8081207275390625
-6.765708923339845
-13.076667785644533
-15.07457733154297
-8.47709655761719
-5.681037902832032
-7.90966033935547
-13.734893798828127
-15.55870056152344
-8.607940673828127
-5.408401489257813
-7.06451416015625
-13.265457153320314
-15.121040344238283
-8.169212341308594
-4.961929321289063
-6.905097961425781
-12.914581298828127
-14.79179382324219
-7.839698791503906
-4.74884033203125
-6.693611145019531
-12.792549133300783
-14.690856933593752
-7.767066955566407
-4.529876708984375
-6.389465332031251
-12.667579650878908
-14.473762512207033
-7.204704284667969
-4.055900573730469
-5.869827270507813
-12.223777770996096
-14.24491882324219
-7.007369995117188
-3.7747192382812504
-5.8217620849609375
-12.470245361328127
-14.402732849121094
-7.384414672851563
-3.9442825317382812
-5.972633361816406
-12.174377441406252
-13.98857116699219
-6.982803344726563
-3.425445556640625
-5.415077209472657
-11.736183166503906
-13.214721679687502
-5.311470031738282
-2.019004821777344
-4.412384033203125
-10.928688049316408
-12.670783996582031
-5.275154113769532
-1.842765808105469
-3.850822448730469
-10.332412719726564
-12.33592987060547
-4.818267822265626
-1.5802764892578127
-4.17205810546875
-10.962867736816408
-12.693748474121094
-4.96807098388672
-1.9509124755859377
-4.306373596191406
-11.280364990234377
-12.954902648925781
-5.255661010742188
-1.8606567382812502
-4.297561645507813
-11.05419158935547
-12.923126220703127
-5.019607543945313
-1.7193984985351562
-4.218788146972656
-11.111602783203125
-12.824058532714846
-5.033760070800782
-1.393089294433594
-3.7987518310546875
-11.025352478027346
-12.65769958496094
-4.616127014160157
-1.2633132934570312
-3.707962036132813
-10.940170288085938
-12.983474731445314
-4.906921386718751
-1.590423583984375
-4.3264007568359375
-11.432838439941406
-12.643013000488283
-4.724006652832032
-1.6275405883789065
-4.461250305175781
-12.006149291992188
-13.377876281738283
-5.397186279296876
-2.1680068969726562
-4.929885864257813
-12.137794494628908
-13.446502685546877
-5.517883300781251
-2.173080444335938
-4.680747985839845
-12.00187683105469
-13.277740478515627
-5.00865936279297
-2.3076629638671875
-4.989700317382813
-12.088661193847658
-13.644371032714846
-5.173683166503907
-2.0684051513671875
-4.736824035644531
-12.33592987060547
-13.663063049316408
-5.061531066894532
-1.8571853637695312
-4.472999572753907
-12.108421325683594
-13.270263671875002
-4.650306701660157
-1.0686492919921877
-3.776054382324219
-11.754074096679688
-13.946914672851564
-5.041236877441407
-1.5177917480468752
-4.188079833984375
-12.304954528808596
-13.816604614257814
-4.935760498046875
-1.428070068359375
-4.617195129394532
-12.858238220214846
-13.571472167968752
-4.368057250976563
-1.7258071899414062
-5.055389404296876
-13.150634765625
-14.30126190185547
-5.060195922851563
-2.1146011352539062
-5.9104156494140625
-14.055595397949219
-15.592346191406252
-6.673049926757813
-2.7546691894531254
-5.8570098876953125
-13.33782196044922
-14.24491882324219
-4.4278717041015625
-1.8985748291015627
-4.954452514648438
-12.657432556152344
-12.600288391113281
-2.613143920898438
0.840606689453125
-2.591781616210938
-10.140953063964846
-10.821075439453127
-1.970939636230469
1.644096374511719
-3.20220947265625
-11.542854309082033
-12.14500427246094
-2.950401306152344
0.8609008789062501
-2.507400512695313
-11.557273864746094
-12.584800720214844
-3.4019470214843754
-0.5783843994140625
-3.7915420532226567
-11.449928283691406
-12.955169677734377
-3.344535827636719
-0.3901290893554688
-3.9496231079101567
-12.287063598632814
-11.591453552246094
-2.7984619140625
-0.8307266235351562
-4.14989471435547
-12.35435485839844
-12.562637329101564
-3.3963394165039062
-0.9837341308593752
-4.1939544677734375
-11.844062805175783
-11.020545959472658
-2.9917907714843754
-0.9295272827148439
-4.405441284179688
-11.944732666015627
-10.170059204101564
-2.7191543579101567
-1.419792175292969
-4.6585845947265625
-10.544967651367188
-9.879798889160158
-3.231582641601563
-2.0892333984375004
-5.003318786621095
-10.959129333496096
-8.91021728515625
-2.6219558715820312
-1.3610458374023438
-5.115203857421875
-9.496612548828125
-8.500862121582033
-2.4798965454101562
-1.8144607543945315
-5.542182922363282
-10.017852783203127
-8.720359802246096
-2.6801681518554688
-1.7778778076171877
-4.9950408935546875
-9.955101013183594
-8.48777770996094
-3.0419921875
-2.244644165039063
-5.110664367675781
-9.566574096679688
-8.569488525390625
-3.134384155273438
-2.772293090820313
-5.449790954589844
-9.870719909667969
-8.519287109375
-2.687911987304688
-2.9018020629882812
-5.8324432373046875
-9.800224304199219
-8.841323852539064
-4.3915557861328125
-3.4721755981445312
-5.918426513671876
-10.37914276123047
-9.29821014404297
-3.9819335937500004
-3.2646942138671875
-5.7160186767578125
-10.642967224121096
-8.8055419921875
-3.7627029418945317
-3.2468032836914067
-5.390243530273438
-9.934539794921875
-9.129447937011719
-3.8524246215820317
-3.2136917114257812
-5.627899169921876
-10.221862792968752
-9.172706604003906
-3.7071609497070317
-2.8203582763671875
-5.328826904296875
-9.874992370605469
-9.430923461914062
-3.442535400390625
-2.9116821289062504
-5.823631286621094
-10.55564880371094
-9.084854125976564
-4.2035675048828125
-3.5031509399414062
-5.781440734863282
-10.192756652832033
-8.940925598144533
-3.6785888671875
-2.904472351074219
-5.796928405761719
-9.709701538085938
-8.88298034667969
-3.530387878417969
-3.2139587402343754
-5.658607482910157
-10.23094177246094
-9.299545288085938
-3.4123611450195317
-2.6593399047851567
-5.340843200683595
-10.029335021972656
-8.550796508789064
-2.752799987792969
-1.752777099609375
-5.213470458984375
-9.900360107421875
-7.793769836425782
-2.3802947998046875
-1.6446304321289065
-4.420127868652344
-9.155616760253906
-7.541427612304688
-2.0072555541992188
-1.320457458496094
-3.702354431152344
-8.976173400878906
-7.445564270019532
-1.8176651000976565
-1.0045623779296877
-4.286346435546875
-9.669647216796875
-7.712059020996095
-2.8761672973632812
