-5.0324249267578125
-5.174751281738282
-5.908546447753906
-6.160621643066407
-5.622291564941407
-4.987831115722657
-5.121879577636719
-6.006546020507813
-6.167297363281251
-5.6882476806640625
-5.204925537109375
-5.369148254394532
-6.225509643554688
-6.389198303222656
-5.691719055175782
-5.153121948242188
-5.407066345214844
-6.129646301269532
-6.154212951660157
-5.425224304199219
-4.922943115234376
-5.18810272216797
-6.014556884765625
-5.983848571777344
-5.432434082031251
-5.009727478027345
-5.131759643554688
-5.868492126464844
-6.023902893066406
-5.369148254394532
-4.806785583496095
-5.041236877441407
-5.820693969726563
-5.820960998535156
-5.265541076660157
-4.789695739746095
-5.211601257324219
-6.055946350097657
-6.0802459716796875
-5.443115234375
-4.819335937500001
-5.106658935546875
-5.879974365234375
-5.98918914794922
-5.397987365722657
-5.060462951660157
-5.424156188964844
-6.289863586425782
-6.267433166503907
-5.585441589355469
-4.984092712402345
-5.072212219238281
-5.847663879394531
-5.961685180664063
-5.35045623779297
-4.848175048828125
-5.083961486816406
-5.895996093750001
-5.993995666503907
-5.501861572265626
-5.1018524169921875
-5.288238525390626
-6.043128967285156
-6.092529296875001
-5.494651794433594
-5.098915100097656
-5.218811035156251
-6.005744934082032
-6.041259765625
-5.535240173339845
-5.144577026367188
-5.405731201171876
-6.138458251953125
-6.071968078613282
-5.4949188232421875
-5.00091552734375
-5.1990509033203125
-5.9488677978515625
-5.837249755859375
-5.157928466796876
-4.764862060546876
-5.11119842529297
-5.860214233398438
-5.917892456054688
-5.258865356445313
-4.719734191894532
-4.736289978027345
-5.464477539062501
-5.585174560546876
-4.970207214355469
-4.3990325927734375
-4.720802307128907
-5.579833984375
-5.543785095214845
-4.908256530761719
-4.333076477050781
-4.503707885742188
-5.278091430664063
-5.350990295410157
-4.754981994628906
-4.205970764160157
-4.539222717285156
-5.4062652587890625
-5.3945159912109375
-4.835090637207031
-4.31304931640625
-4.476470947265625
-5.334167480468751
-5.429229736328126
-4.840965270996095
-4.3466949462890625
-4.717330932617188
-5.650596618652345
-5.693321228027345
-5.013999938964844
-4.581947326660156
-4.988632202148438
-5.812149047851563
-5.84606170654297
-5.385704040527345
-4.859657287597656
-5.095977783203125
-5.790786743164063
-5.696258544921876
-5.0559234619140625
-4.639892578125001
-4.8236083984375
-5.550727844238282
-5.523757934570313
-4.932289123535156
-4.44042205810547
-4.689292907714845
-5.470085144042969
-5.5814361572265625
-5.18169403076172
-4.734954833984375
-5.0762176513671875
-5.992126464843751
-6.004676818847657
-5.263671875000001
-4.777679443359375
-5.0799560546875
-5.9104156494140625
-5.88104248046875
-5.332298278808595
-4.820404052734375
-5.139503479003907
-6.090126037597657
-6.069564819335938
-5.36540985107422
-4.881286621093751
-5.282630920410157
-6.201210021972657
-6.098937988281251
-5.503730773925782
-5.05779266357422
-5.435638427734375
-6.186790466308595
-6.18572235107422
-5.6636810302734375
-5.158729553222657
-5.512809753417969
-6.319503784179688
-6.297073364257813
-5.709609985351563
-5.285835266113281
-5.68798065185547
-6.524848937988282
-6.46343231201172
-5.926170349121095
-5.380096435546876
-5.7245635986328125
-6.59587860107422
-6.66851043701172
-5.922431945800782
-5.261535644531251
-5.60039520263672
-6.56169891357422
-6.584663391113281
-5.936317443847656
-5.50212860107422
-5.988388061523438
-6.836738586425782
-6.770782470703125
-6.0631561279296875
-5.483703613281251
-5.759544372558595
-6.628189086914063
-6.589202880859376
-6.011886596679688
-5.610542297363282
-5.9296417236328125
-6.643409729003907
-6.465034484863282
-5.787849426269532
-5.322418212890626
-5.704002380371095
-6.645545959472657
-6.594276428222656
-5.909881591796876
-5.3784942626953125
-5.73284149169922
-6.563568115234376
-6.379051208496095
-5.639381408691407
-5.151519775390625
-5.565147399902345
-6.48693084716797
-6.358222961425782
-5.6198883056640625
-5.115203857421875
-5.636444091796876
-6.632728576660157
-6.475181579589844
-5.739784240722656
-5.2268218994140625
-5.640449523925782
-6.29974365234375
-6.132583618164063
-5.647926330566407
-5.38463592529297
-5.917091369628906
-6.769447326660157
-6.698951721191407
-6.061286926269531
-5.517883300781251
-5.776100158691406
-6.495742797851563
-6.353683471679688
-5.690650939941407
-5.31414031982422
-5.712547302246095
-6.613235473632813
-6.52191162109375
-5.8495330810546875
-5.3496551513671875
-5.654869079589844
-6.49974822998047
-6.430320739746094
-5.8036041259765625
-5.299987792968751
-5.6188201904296875
-6.429252624511719
-6.345672607421876
-5.707740783691407
-5.1659393310546875
-5.596656799316406
-6.500549316406251
-6.422309875488282
-5.616950988769531
-5.013465881347657
-5.412940979003906
-6.344871520996095
-6.128044128417969
-5.443382263183594
-4.972343444824219
-5.328826904296875
-6.054878234863282
-5.948333740234376
-5.482368469238281
-5.122413635253907
-5.59185028076172
-6.32537841796875
-6.048736572265625
-5.522689819335938
-5.03509521484375
-5.460739135742188
-6.28398895263672
-6.050071716308595
-5.38330078125
-5.066070556640626
-5.556068420410157
-6.375846862792969
-6.176376342773438
-5.505867004394532
-5.1125335693359375
-5.452461242675782
-6.2767791748046875
-6.08104705810547
-5.380897521972657
-4.917335510253907
-5.294647216796875
-6.077041625976563
-5.950736999511719
-5.473823547363281
-5.1226806640625
-5.43590545654297
-6.092262268066407
-5.909614562988281
-5.315208435058595
-4.7910308837890625
-5.227355957031251
-6.016693115234376
-5.916023254394532
-5.245780944824219
-4.729881286621094
-5.084228515625001
-5.763015747070313
-5.605201721191407
-5.067138671875001
-4.676208496093751
-4.9779510498046875
-5.640716552734375
-5.423088073730469
-4.645767211914063
-4.04094696044922
-4.7194671630859375
-5.804939270019532
-5.717353820800782
-5.15045166015625
-4.809455871582032
-5.301322937011719
-6.136589050292969
-6.039657592773438
-5.488243103027344
-5.131492614746094
-5.473289489746095
-6.3109588623046875
-6.233787536621094
-5.77556610107422
-5.4489898681640625
-5.753402709960938
-6.347808837890626
-6.144866943359376
-5.576095581054688
-5.017204284667969
-5.390510559082032
-6.183319091796875
-5.961685180664063
-5.336570739746094
-4.873008728027344
-5.319747924804688
-6.074104309082032
-5.956878662109376
-5.43163299560547
-4.973945617675781
-5.432701110839844
-6.170768737792969
-5.940589904785157
-5.293846130371095
-4.76940155029297
-5.24364471435547
-5.917892456054688
-5.793991088867188
-5.304527282714845
-4.867134094238281
-5.309066772460938
-5.9771728515625
-5.812950134277345
-5.275955200195313
-4.859657287597656
-5.320816040039063
-6.004676818847657
-5.612678527832032
-5.017204284667969
-4.727478027343751
-5.180625915527345
-6.040191650390625
-5.808944702148438
-5.188636779785156
-4.827880859375001
-5.310134887695313
-6.122970581054688
-5.819625854492188
-5.226020812988281
-4.867134094238281
-5.203323364257813
-5.88104248046875
-5.541648864746094
-4.860992431640626
-4.206504821777344
-4.666595458984376
-5.669555664062501
-5.395050048828126
-4.628143310546875
-4.093284606933595
-4.5763397216796875
-5.364875793457032
-5.126953125000001
-4.330940246582032
-3.8996887207031254
-4.374732971191407
-5.138702392578126
-4.937095642089844
-4.350433349609375
-3.946952819824219
-4.36138153076172
-5.212669372558594
-5.047912597656251
-4.46685791015625
-3.9677810668945317
-4.453239440917969
-5.250320434570313
-5.032691955566407
-4.4097137451171875
-4.105567932128906
-4.574737548828125
-5.44525146484375
-5.200653076171876
-4.556045532226563
-4.2313385009765625
-4.666595458984376
-5.275421142578125
-5.038032531738281
-4.535484313964844
-4.084205627441406
-4.4561767578125
-5.107192993164063
-4.957656860351563
-4.3830108642578125
-3.969650268554688
-4.43187713623047
-5.238571166992188
-4.9405670166015625
-4.31865692138672
-3.904228210449219
-4.371528625488281
-5.152053833007813
-4.92961883544922
-4.35150146484375
-4.125061035156251
-4.718933105468751
-5.357131958007813
-5.089302062988281
-4.55657958984375
-4.190216064453125
-4.5944976806640625
-5.38249969482422
-5.305328369140626
-4.829216003417969
-4.467658996582031
-4.937362670898438
-5.581970214843751
-5.388908386230469
-4.773674011230469
-4.367523193359375
-4.677009582519532
-5.375823974609376
-5.140838623046875
-4.672737121582031
-4.445762634277344
-5.024681091308594
-5.728034973144532
-5.447120666503906
-4.813995361328125
-4.414520263671875
-4.905586242675781
-5.518684387207031
-5.227088928222657
-4.6746063232421875
-4.27032470703125
-4.769134521484375
-5.4863739013671875
-5.13469696044922
-4.466323852539063
-3.9648437500000004
-4.408912658691407
-5.132560729980469
-4.9256134033203125
-4.4134521484375
-4.1912841796875
-4.7803497314453125
-5.323486328125001
-4.98302459716797
-4.455909729003907
-4.189682006835938
-4.859924316406251
-5.697593688964845
-5.33977508544922
-4.660987854003907
-4.407310485839845
-4.869537353515626
-5.306396484375001
-5.012397766113281
-4.39422607421875
-3.981666564941407
-4.494895935058595
-5.202255249023438
-5.032691955566407
-4.46819305419922
-4.055900573730469
-4.599838256835938
-5.387573242187501
-5.09918212890625
-4.454307556152344
-4.09648895263672
-4.679946899414063
-5.406532287597657
-5.11547088623047
-4.524803161621094
-4.1394805908203125
-4.774475097656251
-5.477828979492188
-5.109863281250001
-4.506645202636719
-4.232673645019532
-4.8070526123046875
-5.584106445312501
-5.220146179199219
-4.494895935058595
-4.09648895263672
-4.617462158203125
-5.3261566162109375
-5.03643035888672
-4.485015869140625
-4.276466369628907
-4.865531921386719
-5.559806823730469
-5.103454589843751
-4.311981201171876
-4.0518951416015625
-4.562454223632813
-5.24871826171875
-4.927215576171875
-4.306907653808595
-4.057769775390625
-4.734954833984375
-5.432701110839844
-5.131225585937501
-4.539222717285156
-4.1912841796875
-4.80224609375
-5.462875366210938
-5.075950622558594
-4.398498535156251
-4.172325134277344
-4.87701416015625
-5.4863739013671875
-5.140037536621094
-4.5848846435546875
-4.2510986328125
-4.753112792968751
-5.38116455078125
-4.9854278564453125
-4.525337219238282
-4.245491027832031
-4.84710693359375
-5.576629638671875
-5.165672302246094
-4.476470947265625
-4.094085693359375
-4.695968627929688
-5.401458740234375
-5.0025177001953125
-4.312782287597657
-3.953361511230469
-4.6233367919921875
-5.416145324707032
-5.011596679687501
-4.269523620605469
-4.0166473388671875
-4.679946899414063
-5.406532287597657
-5.031890869140626
-4.289016723632813
-4.011039733886719
-4.713859558105469
-5.56915283203125
-5.342445373535157
-4.7920989990234375
-4.44122314453125
-5.018272399902345
-5.772895812988282
-5.41748046875
-4.81426239013672
-4.35150146484375
-4.883155822753907
-5.724029541015626
-5.292243957519532
-4.592628479003906
-4.293556213378907
-4.910926818847657
-5.5931854248046875
-5.256462097167969
-4.662322998046875
-4.424133300781251
-4.8903656005859375
-5.471954345703125
-5.114936828613282
-4.572601318359375
-4.37713623046875
-5.00865936279297
-5.703201293945313
-5.32268524169922
-4.761123657226563
-4.44896697998047
-4.9971771240234375
-5.653266906738282
-5.247650146484375
-4.643363952636719
-4.127998352050781
-4.700775146484376
-5.640716552734375
-5.441780090332032
-4.887695312500001
-4.5859527587890625
-5.151252746582032
-5.7416534423828125
-5.345916748046875
-4.793968200683594
-4.43187713623047
-4.936294555664063
-5.631904602050782
-5.361671447753907
-4.901046752929688
-4.699172973632813
-5.286903381347656
-5.926971435546876
-5.498924255371095
-4.91252899169922
-4.697303771972657
-5.350189208984376
-5.983581542968751
-5.629234313964844
-5.036697387695313
-4.659919738769532
-5.279693603515626
-5.924568176269532
-5.541915893554688
-4.848976135253906
-4.662055969238281
-5.277023315429688
-5.919227600097656
-5.628166198730469
-5.085029602050782
-4.889831542968751
-5.547790527343751
-6.157417297363281
-5.815086364746094
-5.273551940917969
-4.928550720214845
-5.5483245849609375
-6.142730712890626
-5.854339599609375
-5.248985290527345
-5.011863708496095
-5.601196289062501
-6.224174499511719
-5.82763671875
-5.009193420410156
-4.6030426025390625
-5.263404846191407
-6.019897460937501
-5.638847351074219
-5.121345520019532
-4.8369598388671875
-5.462608337402345
-6.1240386962890625
-5.6198883056640625
-5.015068054199219
-4.698371887207031
-5.4137420654296875
-6.055412292480469
-5.437240600585938
-4.77153778076172
-4.820938110351563
-5.509338378906251
-5.8676910400390625
-5.445785522460938
-4.9854278564453125
-4.728813171386719
-5.318412780761719
-5.816688537597657
-5.341644287109376
-4.782752990722657
-4.6212005615234375
-5.2935791015625
-5.918426513671876
-5.49999237060547
-4.943504333496094
-4.741897583007813
-5.2802276611328125
-5.9686279296875
-5.598793029785156
-4.8989105224609375
-4.6212005615234375
-5.169944763183595
-5.762748718261719
-5.330162048339845
-4.724006652832032
-4.596366882324219
-5.3784942626953125
-6.012420654296876
-5.512275695800782
-4.860992431640626
-4.680213928222656
-5.2935791015625
-5.850868225097657
-5.386238098144531
-4.881553649902344
-4.763793945312501
-5.4137420654296875
-5.991058349609376
-5.577430725097657
-5.039100646972656
-4.816131591796876
-5.567016601562501
-6.264228820800781
-5.807609558105469
-5.2193450927734375
-4.999847412109375
-5.550727844238282
-6.1080169677734375
-5.6284332275390625
-5.027351379394531
-4.943504333496094
-5.557937622070313
-6.108818054199219
-5.613746643066407
-4.91466522216797
-4.6735382080078125
-5.427093505859375
-6.035919189453126
-5.565147399902345
-4.898643493652344
-4.768333435058594
-5.344848632812501
-5.86315155029297
-5.423622131347657
-4.850311279296875
-4.822273254394531
-5.680236816406251
-6.197204589843751
-5.569686889648438
-4.864463806152344
-4.574470520019531
-5.176887512207032
-5.801467895507813
-5.373687744140625
-4.841499328613281
-4.562454223632813
-5.206794738769531
-5.655937194824219
-5.115737915039063
-4.533081054687501
-4.295692443847657
-5.078353881835938
-5.663948059082032
-5.252990722656251
-4.688491821289063
-4.51171875
-5.249519348144531
-5.710411071777344
-5.236701965332032
-4.496498107910156
-4.275398254394532
-4.948577880859376
-5.44445037841797
-4.958457946777345
-4.379539489746095
-4.261512756347656
-5.08129119873047
-5.761680603027344
-5.226287841796876
-4.5432281494140625
-4.3114471435546875
-5.008926391601563
-5.563812255859376
-5.061264038085938
-4.490356445312501
-4.35283660888672
-5.044708251953125
-5.7293701171875
-5.2593994140625
-4.633216857910157
-4.440956115722656
-5.2545928955078125
-5.748329162597656
-5.105857849121094
-4.60277557373047
-4.426002502441406
-4.907722473144532
-5.3603363037109375
-5.1360321044921875
-4.687957763671875
-4.535751342773438
-5.233497619628906
-5.737380981445313
-5.410003662109375
-5.011596679687501
-4.8871612548828125
-5.589179992675781
-6.08104705810547
-5.546455383300781
-4.984626770019531
-4.838294982910157
-5.511741638183595
-6.09386444091797
-5.58757781982422
-5.021209716796876
-4.738159179687501
-5.463943481445313
-5.9745025634765625
-5.398521423339844
-4.825477600097656
-4.7803497314453125
-5.595855712890625
-6.012153625488282
-5.3614044189453125
-4.840965270996095
-4.864463806152344
-5.72002410888672
-6.211090087890625
-5.640182495117188
-4.986228942871095
-4.826812744140626
-5.608406066894531
-6.061286926269531
-5.478630065917969
-4.90612030029297
-4.809989929199219
-5.5483245849609375
-6.028442382812501
-5.468482971191407
-4.927215576171875
-4.78008270263672
-5.454597473144531
-5.913887023925782
-5.411071777343751
-4.8722076416015625
-4.752845764160156
-5.5728912353515625
-6.168098449707031
-5.587310791015625
-5.034027099609375
-4.8369598388671875
-5.492515563964845
-6.038322448730469
-5.601997375488282
-4.962997436523438
-4.852447509765626
-5.648460388183594
-6.032180786132813
-5.497322082519532
-4.856185913085938
-4.45964813232422
-5.013999938964844
-5.520286560058595
-5.019607543945313
-4.445762634277344
-4.375
-5.279426574707031
-5.754470825195313
-5.225486755371095
-4.736289978027345
-4.732818603515625
-5.447120666503906
-5.930976867675782
-5.389175415039063
-4.676208496093751
-4.605445861816407
-5.44525146484375
-5.985984802246094
-5.448188781738281
-4.8519134521484375
-4.67967987060547
-5.438308715820313
-5.9477996826171875
-5.430564880371095
-4.80438232421875
-4.753379821777345
-5.557403564453126
-6.067161560058595
-5.485839843750001
-4.947242736816406
-4.942436218261719
-5.618553161621095
-6.0268402099609375
-5.405998229980469
-4.899711608886719
-4.847373962402344
-5.333900451660157
-5.718688964843751
-5.375022888183595
-5.06072998046875
-4.956588745117188
-5.580101013183595
-6.0498046875
-5.510406494140626
-4.936561584472657
-4.754981994628906
-5.341644287109376
-5.7341766357421875
-5.4393768310546875
-5.017204284667969
-4.96246337890625
-5.630569458007813
-6.046600341796876
-5.567283630371094
-4.903717041015625
-4.74590301513672
-5.489845275878906
-5.8858489990234375
-5.361137390136719
-4.819068908691407
-4.6382904052734375
-5.326423645019532
-5.726165771484376
-5.25005340576172
-4.637222290039063
-4.50958251953125
-5.236968994140626
-5.638847351074219
-5.129890441894532
-4.534950256347657
-4.517326354980469
-5.342979431152344
-5.789184570312501
-5.203323364257813
-4.728813171386719
-4.708251953125
-5.48931121826172
-5.926437377929688
-5.3774261474609375
-4.832420349121095
-4.879150390625001
-5.677566528320313
-6.015357971191406
-5.565948486328126
-5.006523132324219
-4.84710693359375
-5.559806823730469
-5.840187072753907
-5.2898406982421875
-4.813461303710938
-4.763793945312501
-5.611877441406251
-5.988922119140625
-5.290107727050782
-4.717864990234376
-4.691429138183595
-5.54351806640625
-5.84819793701172
-5.242309570312501
-4.760322570800781
-4.679145812988282
-5.388908386230469
-5.732574462890626
-5.126686096191406
-4.707984924316406
-4.782218933105469
-5.573425292968751
-6.095199584960938
-5.577430725097657
-5.015068054199219
-5.02788543701172
-5.6711578369140625
-6.010017395019532
-5.495185852050782
-5.14537811279297
-4.958457946777345
-5.709075927734376
-6.091194152832032
-5.562477111816406
-5.0762176513671875
-4.8989105224609375
-5.537109375000001
-5.960617065429688
-5.390777587890625
-4.847373962402344
-4.89757537841797
-5.785179138183595
-6.217498779296875
-5.584106445312501
-4.940834045410156
-4.971275329589844
-5.674629211425782
-6.009216308593751
-5.602531433105469
-5.092773437500001
-5.035896301269531
-5.798797607421876
-6.21135711669922
-5.639381408691407
-5.27141571044922
-5.369415283203126
-6.101875305175782
-6.31683349609375
-5.757408142089845
-5.397186279296876
-5.442581176757813
-6.1507415771484375
-6.497344970703126
-5.982513427734376
-5.420150756835938
-5.319480895996094
-6.075706481933595
-6.575851440429688
-6.079978942871095
-5.467681884765626
-5.379028320312501
-6.167297363281251
-6.624183654785157
-6.071968078613282
-5.541114807128907
-5.6465911865234375
-6.445808410644532
-6.675987243652345
-6.111221313476563
-5.559005737304688
-5.593452453613282
-6.2842559814453125
-6.643676757812501
-6.1710357666015625
-5.725364685058595
-5.778770446777345
-6.483726501464844
-6.731529235839844
-6.149673461914063
-5.7293701171875
-5.690917968750001
-6.399612426757813
-6.642875671386719
-6.020431518554688
-5.509338378906251
-5.498390197753907
-6.282920837402345
-6.61937713623047
-5.951271057128907
-5.390243530273438
-5.393981933593751
-6.176643371582031
-6.552886962890626
-6.137924194335938
-5.578231811523438
-5.658607482910157
-6.436462402343751
-6.658897399902345
-6.094398498535157
-5.624160766601563
-5.65807342529297
-6.389732360839845
-6.675987243652345
-6.145133972167969
-5.651931762695313
-5.709342956542969
-6.40655517578125
-6.650085449218751
-6.1528778076171875
-5.633506774902345
-5.570220947265625
-6.286926269531251
-6.548080444335938
-5.8570098876953125
-5.27568817138672
-5.399856567382813
-6.174507141113282
-6.502418518066407
-5.986785888671875
-5.593452453613282
-5.683441162109375
-6.409759521484376
-6.550750732421876
-5.940055847167969
-5.4586029052734375
-5.611610412597657
-6.39934539794922
-6.684532165527345
-6.240730285644532
-5.800666809082032
-5.969696044921875
-6.748619079589845
-7.00389862060547
-6.4466094970703125
-5.829505920410156
-5.663414001464844
-6.45061492919922
-6.5779876708984375
-5.999069213867188
-5.625495910644531
-5.811347961425781
-6.600151062011719
-6.707229614257813
-6.0898590087890625
-5.632972717285156
-5.960350036621095
-6.795082092285157
-7.103233337402345
-6.541137695312501
-6.111221313476563
-6.0375213623046875
-6.692276000976563
-6.837005615234376
-6.39293670654297
-5.913619995117188
-6.0535430908203125
-6.921920776367188
-7.115516662597657
-6.666641235351563
-6.167564392089845
-6.202278137207031
-6.875991821289063
-7.155838012695313
-6.567573547363281
-5.936317443847656
-6.0460662841796875
-6.863708496093751
-7.155303955078126
-6.600418090820313
-6.108818054199219
-6.261024475097657
-7.221260070800782
-7.463722229003907
-6.847686767578126
-6.217765808105469
-6.331787109375001
-7.122726440429688
-7.286949157714845
-6.668243408203126
-6.174507141113282
-6.340866088867188
-7.054634094238282
-7.194824218750001
-6.795082092285157
-6.379852294921875
-6.504554748535156
-7.169456481933595
-7.360382080078126
-6.861572265625001
-6.368103027343751
-6.29119873046875
-6.918716430664063
-7.077064514160157
-6.524047851562501
-5.948600769042969
-6.116828918457032
-7.070922851562501
-7.30297088623047
-6.728591918945313
-6.21135711669922
-6.2682342529296875
-7.051429748535157
-7.285614013671875
-6.744346618652345
-6.264495849609375
-6.325111389160157
-7.114715576171876
-7.363052368164063
-6.773719787597657
-6.261825561523438
-6.402549743652344
-7.225265502929688
-7.475738525390626
-6.90776824951172
-6.455421447753907
-6.48693084716797
-7.252235412597656
-7.359580993652345
-6.893348693847657
-6.443939208984376
-6.548080444335938
-7.266921997070313
-7.40764617919922
-6.773452758789063
-6.315498352050782
-6.438331604003907
-7.217254638671876
-7.478942871093751
-7.004165649414063
-6.503753662109375
-6.578521728515626
-7.29656219482422
-7.42046356201172
-6.813507080078126
-6.2890625
-6.386260986328126
-7.128868103027345
-7.263450622558595
-6.615905761718751
-6.170768737792969
-6.431655883789063
-7.2418212890625
-7.341156005859376
-6.773986816406251
-6.385459899902344
-6.438598632812501
-7.145957946777345
-7.3256683349609375
-6.69200897216797
-6.2062835693359375
-6.559028625488281
-7.350234985351563
-7.314720153808595
-6.73473358154297
-6.2500762939453125
-6.429786682128907
-7.222328186035157
-7.460784912109376
-6.889610290527345
-6.369972229003907
-6.505355834960938
-7.303237915039063
-7.351036071777345
-6.656761169433595
-6.291465759277345
-6.603622436523438
-7.373199462890626
-7.407913208007813
-6.891746520996094
-6.465301513671876
-6.612167358398438
-7.392425537109375
-7.490425109863282
-6.940879821777345
-6.586532592773438
-6.662101745605469
-7.357177734375
-7.534217834472657
-7.012176513671876
-6.496810913085938
-6.583595275878907
-7.380409240722657
-7.57854461669922
-7.062644958496094
-6.572113037109376
-6.637535095214845
-7.344627380371095
-7.539024353027345
-6.977195739746095
-6.624717712402344
-6.698150634765625
-7.385749816894531
-7.399101257324219
-6.731529235839844
-6.251945495605469
-6.386528015136719
-7.0693206787109375
-7.214317321777345
-6.752357482910157
-6.431655883789063
-6.5705108642578125
-7.15343475341797
-7.225532531738281
-6.663436889648438
-6.220703125000001
-6.445007324218751
-7.07439422607422
-7.152900695800782
-6.618576049804688
-6.073570251464844
-6.149139404296876
-6.877593994140625
-7.024726867675782
-6.540069580078125
-6.180114746093751
-6.309356689453126
-7.040748596191407
-7.053833007812501
-6.513099670410157
-6.094932556152345
-6.252746582031251
-7.05944061279297
-7.229270935058595
-6.593475341796875
-5.925636291503907
-6.297340393066407
-7.257041931152344
-7.27947235107422
-6.643409729003907
-6.082649230957032
-6.25835418701172
-7.098960876464845
-7.128334045410156
-6.498680114746095
-6.059417724609375
-6.362762451171876
-7.08293914794922
-7.040748596191407
-6.447143554687501
-5.980911254882813
-6.202545166015626
-6.929664611816407
-6.9443511962890625
-6.459426879882813
-6.188659667968751
-6.398811340332031
-7.154235839843751
-7.304039001464845
-6.7841339111328125
-6.295738220214844
-6.394538879394532
-7.118721008300781
-7.188148498535157
-6.5886688232421875
-6.121902465820313
-6.367568969726563
-7.24956512451172
-7.258377075195313
-6.56810760498047
-6.014556884765625
-6.357154846191407
-7.07653045654297
-6.891746520996094
-6.181983947753907
-5.761146545410157
-5.878906250000001
-6.624984741210938
-6.678123474121094
-6.162223815917969
-5.73070526123047
-5.939788818359376
-6.65996551513672
-6.73553466796875
-6.194801330566406
-5.746994018554688
-5.979843139648438
-6.790542602539063
-6.815109252929688
-6.157417297363281
-5.800132751464845
-6.018562316894532
-6.849021911621094
-6.79668426513672
-6.223907470703126
-5.838317871093751
-6.0802459716796875
-6.802024841308595
-6.878929138183595
-6.400947570800782
-6.067962646484375
-6.324577331542969
-7.08080291748047
-7.125129699707032
-6.646080017089845
-6.132049560546876
-6.238594055175781
-7.064781188964845
-7.128601074218751
-6.568641662597656
-6.058082580566407
-6.356353759765626
-7.148628234863282
-7.205772399902345
-6.731796264648438
-6.292266845703126
-6.506690979003906
-7.19829559326172
-7.162780761718751
-6.462364196777345
-5.986518859863282
-6.278114318847657
-7.16625213623047
-7.215919494628907
-6.706428527832032
-6.183052062988282
-6.470375061035156
-7.402839660644532
-7.437019348144532
-6.802558898925782
-6.297607421875
-6.554756164550782
-7.393226623535157
-7.447967529296876
-6.714172363281251
-6.26476287841797
-6.63726806640625
-7.374000549316407
-7.35851287841797
-6.742744445800782
-6.289596557617188
-6.473045349121095
-7.016448974609376
-7.014045715332032
-6.558761596679688
-6.119232177734376
-6.441535949707032
-7.355842590332032
-7.321662902832032
-6.622314453125001
-6.128578186035157
-6.34246826171875
-7.174530029296876
-7.163848876953126
-6.532592773437501
-6.045265197753907
-6.201744079589845
-6.862373352050781
-6.76971435546875
-6.312561035156251
-5.859413146972657
-6.074104309082032
-6.865577697753907
-6.821517944335938
-6.324844360351563
-5.899200439453125
-6.209754943847657
-6.962242126464845
-6.990013122558594
-6.377716064453125
-5.960617065429688
-6.176109313964845
-6.762237548828125
-6.742477416992188
-6.290931701660156
-6.002006530761719
-6.337928771972656
-6.977195739746095
-6.861572265625001
-6.3483428955078125
-5.93364715576172
-6.126976013183594
-6.86798095703125
-6.868515014648438
-6.314163208007813
-5.846862792968751
-6.165428161621095
-7.037010192871095
-7.017784118652344
-6.481323242187501
-6.007080078125001
-6.25835418701172
-6.979866027832032
-6.914710998535156
-6.293601989746095
-5.863418579101563
-6.162223815917969
-6.814842224121095
-6.728057861328126
-6.271705627441407
-5.896263122558594
-6.143531799316407
-6.898689270019532
-6.847953796386719
-6.280784606933595
-5.86315155029297
-6.209487915039063
-7.012710571289063
-6.971588134765626
-6.493339538574219
-5.99132537841797
-6.212158203125001
-6.943016052246095
-6.8183135986328125
-6.374511718750001
-5.972366333007813
-6.180648803710938
-6.947288513183595
-6.810302734375001
-6.2148284912109375
-5.807075500488282
-6.110153198242188
-6.891212463378907
-6.770782470703125
-6.190528869628907
-5.766487121582031
-6.167297363281251
-7.020454406738282
-7.0159149169921875
-6.336059570312501
-5.817756652832032
-6.146736145019532
-6.892013549804688
-6.911239624023438
-6.386528015136719
-5.995597839355469
-6.283721923828126
-7.107505798339845
-7.0052337646484375
-6.398811340332031
-5.983314514160157
-6.2949371337890625
-7.025527954101563
-6.942481994628906
-6.351547241210938
-5.984382629394532
-6.3568878173828125
-7.180938720703126
-7.094688415527345
-6.496276855468751
-6.1336517333984375
-6.495742797851563
-7.22820281982422
-7.115516662597657
-6.565704345703125
-6.194801330566406
-6.553955078125001
-7.3790740966796875
-7.385215759277345
-6.8060302734375
-6.300544738769531
-6.522712707519531
-7.176933288574219
-7.102699279785156
-6.487998962402345
-6.084251403808594
-6.403884887695313
-7.178535461425782
-7.0500946044921875
-6.447677612304688
-6.0620880126953125
-6.27330780029297
-6.941413879394531
-6.862373352050781
-6.372108459472656
-5.976371765136719
-6.201210021972657
-6.875991821289063
-6.816978454589845
-6.257820129394531
-5.793991088867188
-6.153945922851563
-6.891479492187501
-6.816444396972656
-6.275177001953126
-5.927505493164063
-6.191062927246094
-6.925659179687501
-6.80522918701172
-6.3665008544921875
-6.0012054443359375
-6.237525939941406
-6.975860595703125
-6.968650817871095
-6.472511291503907
-6.031646728515625
-6.273040771484375
-6.887474060058595
-6.724853515625
-6.138191223144532
-5.766487121582031
-6.1795806884765625
-6.917381286621095
-6.74327850341797
-6.173973083496095
-5.811347961425781
-6.176910400390626
-6.959304809570313
-6.810569763183595
-6.18358612060547
-5.865020751953126
-6.262359619140625
-6.982536315917969
-6.780662536621095
-6.262893676757813
-5.9296417236328125
-6.248207092285156
-6.928863525390626
-6.829261779785157
-6.284790039062501
-5.932579040527344
-6.2890625
-6.939010620117188
-6.842079162597657
-6.19640350341797
-5.797462463378907
-6.239662170410156
-7.084541320800781
-6.910972595214844
-6.414031982421875
-6.033248901367188
-6.395606994628907
-7.12993621826172
-7.022590637207031
-6.406021118164063
-6.119232177734376
-6.481056213378907
-7.037811279296875
-6.7755889892578125
-6.170768737792969
-5.756072998046875
-6.107482910156251
-6.762771606445313
-6.556892395019532
-6.04045867919922
-5.703201293945313
-6.022567749023438
-6.622047424316406
-6.492271423339844
-6.102676391601563
-5.796928405761719
-6.013755798339845
-6.669845581054688
-6.529922485351563
-6.01909637451172
-5.609474182128907
-6.03404998779297
-6.6180419921875
-6.482658386230469
-6.071166992187501
-5.748863220214845
-6.151008605957031
-6.772117614746095
-6.563301086425782
-6.023101806640625
-5.597457885742188
-5.93364715576172
-6.732063293457032
-6.647949218750001
-6.187324523925782
-5.919227600097656
-6.379051208496095
-7.137680053710938
-6.99321746826172
-6.419372558593751
-5.918426513671876
-6.167297363281251
-6.762237548828125
-6.556892395019532
-5.99773406982422
-5.557403564453126
-5.967025756835938
-6.827392578125001
-6.645278930664063
-5.998535156250001
-5.556068420410157
-6.002006530761719
-6.838073730468751
-6.640205383300781
-6.031112670898438
-5.59825897216797
-6.011619567871094
-6.706428527832032
-6.552619934082032
-5.887451171875001
-5.461273193359375
-5.91014862060547
-6.631927490234376
-6.554756164550782
-6.083450317382813
-5.780372619628907
-6.232185363769532
-6.934471130371095
-6.69200897216797
-6.122970581054688
-5.753402709960938
-6.102142333984375
-6.74755096435547
-6.660766601562501
-6.280250549316407
-5.956611633300782
-6.297340393066407
-7.097358703613282
-6.951293945312501
-6.426315307617188
-5.983581542968751
-6.318702697753906
-6.967315673828126
-6.6944122314453125
-6.181182861328126
-5.832710266113282
-6.165695190429688
-6.798553466796876
-6.643142700195313
-6.235389709472657
-5.952339172363282
-6.439933776855469
-7.127532958984376
-6.871185302734376
-6.270103454589844
-5.985984802246094
-6.352615356445313
-6.968116760253906
-6.816177368164063
-6.34380340576172
-6.011085510253907
-6.273841857910156
-6.925659179687501
-6.85089111328125
-6.34807586669922
-6.00494384765625
-6.518974304199219
-7.249031066894532
-6.989479064941407
-6.475715637207032
-6.203346252441406
-6.692276000976563
-7.373733520507813
-7.11071014404297
-6.594276428222656
-6.303749084472657
-6.71764373779297
-7.2455596923828125
-6.965179443359375
-6.495742797851563
-6.140327453613281
-6.541137695312501
-7.236213684082032
-7.103233337402345
-6.614570617675782
-6.322708129882813
-6.780128479003907
-7.600173950195313
-7.406578063964845
-6.75395965576172
-6.242065429687501
-6.551551818847657
-7.220191955566407
-6.89708709716797
-6.296806335449219
-5.933113098144532
-6.455688476562501
-7.11925506591797
-6.706695556640626
-6.132049560546876
-5.8313751220703125
-6.219635009765625
-6.820716857910157
-6.697616577148438
-6.29039764404297
-5.893592834472657
-6.291999816894531
-6.946754455566407
-6.642608642578126
-6.113891601562501
-5.759277343750001
-6.2052154541015625
-6.92272186279297
-6.798553466796876
-6.294136047363282
-5.917091369628906
-6.487998962402345
-7.299766540527345
-7.071456909179688
-6.406288146972657
-6.018829345703126
-6.611633300781251
-7.37133026123047
-7.213249206542969
-6.645278930664063
-6.220169067382813
-6.530189514160157
-7.052764892578126
-6.813507080078126
-6.310691833496095
-5.984649658203126
-6.516571044921876
-7.310180664062501
-7.155838012695313
-6.657295227050781
-6.234855651855469
-6.616172790527344
-7.122993469238282
-6.770248413085938
-6.19293212890625
-5.880508422851563
-6.341133117675782
-6.953430175781251
-6.562500000000001
-5.992126464843751
-5.828437805175781
-6.176109313964845
-6.676521301269532
-6.5352630615234375
-6.389465332031251
-6.107215881347657
-6.430854797363282
-7.214851379394532
-7.071456909179688
-6.529388427734375
-6.278381347656251
-6.858100891113282
-7.569465637207032
-7.385482788085938
-6.84234619140625
-6.316299438476563
-6.708297729492188
-7.43968963623047
-7.164916992187501
-6.581459045410157
-6.0813140869140625
-6.559028625488281
-7.334480285644532
-7.030067443847656
-6.669845581054688
-6.4444732666015625
-6.841812133789063
-7.538223266601563
-7.19696044921875
-6.583595275878907
-6.270103454589844
-6.74755096435547
-7.41191864013672
-7.067451477050782
-6.501083374023438
-6.241798400878907
-6.650085449218751
-7.297363281250001
-7.062110900878907
-6.593475341796875
-6.157684326171875
-6.566505432128907
-7.214584350585938
-6.9165802001953125
-6.33739471435547
-5.981445312500001
-6.465835571289063
-7.165184020996095
-6.847953796386719
-6.224708557128907
-5.9638214111328125
-6.527519226074219
-7.207374572753907
-6.862106323242188
-6.29039764404297
-6.084785461425782
-6.463165283203126
-7.096557617187501
-6.952362060546876
-6.458892822265625
-6.178245544433595
-6.613769531250001
-7.325134277343751
-7.12646484375
-6.622581481933595
-6.394538879394532
-6.999626159667969
-7.704048156738282
-7.301368713378907
-6.73473358154297
-6.419372558593751
-6.960105895996095
-7.666664123535157
-7.551307678222657
-6.999359130859376
-6.562767028808594
-6.940345764160157
-7.474670410156251
-7.133941650390626
-6.573181152343751
-6.237525939941406
-6.821784973144532
-7.51232147216797
-7.129135131835938
-6.4466094970703125
-6.116027832031251
-6.540603637695313
-7.268257141113282
-7.007904052734376
-6.500816345214844
-6.226577758789063
-6.861572265625001
-7.465858459472656
-6.99748992919922
-6.425514221191406
-6.091995239257813
-6.641273498535157
-7.249298095703126
-6.858901977539063
-6.35448455810547
-6.1881256103515625
-6.662101745605469
-7.241554260253907
-6.901893615722657
-6.5438079833984375
-6.4044189453125
-6.941680908203126
-7.507514953613282
-7.140884399414063
-6.569175720214845
-6.186790466308595
-6.777725219726563
-7.399101257324219
-6.955032348632813
-6.398811340332031
-6.251411437988282
-6.830329895019532
-7.411384582519532
-6.963844299316407
-6.467437744140625
-6.295471191406251
-6.85436248779297
-7.521934509277345
-7.20043182373047
-6.7403411865234375
-6.414566040039063
-6.796150207519532
-7.45891571044922
-7.305374145507813
-6.838340759277344
-6.541137695312501
-7.031135559082031
-7.614326477050782
-7.2914886474609375
-6.755027770996095
-6.42364501953125
-6.821517944335938
-7.436218261718751
-7.2017669677734375
-6.573181152343751
-6.259956359863282
-6.803894042968751
-7.392959594726563
-6.994552612304688
-6.392669677734376
-6.055679321289063
-6.488800048828126
-7.108039855957032
-6.85089111328125
-6.328582763671876
-6.131248474121095
-6.63219451904297
-7.304840087890625
-6.9966888427734375
-6.508827209472657
-6.14727020263672
-6.556358337402345
-7.11071014404297
-6.816978454589845
-6.299476623535157
-6.0279083251953125
-6.634864807128907
-7.262916564941407
-6.815109252929688
-6.184921264648438
-5.78277587890625
-6.282386779785156
-6.890411376953126
-6.537933349609375
-6.062355041503907
-5.85887908935547
-6.314163208007813
-6.868247985839845
-6.577186584472656
-5.9905242919921875
-5.792922973632813
-6.405220031738282
-7.041816711425782
-6.75262451171875
-6.29039764404297
-6.040191650390625
-6.5790557861328125
-7.236213684082032
-6.8316650390625
-6.184921264648438
-5.870895385742188
-6.420440673828126
-7.157173156738282
-6.830329895019532
-6.199874877929688
-5.951271057128907
-6.484527587890625
-7.09869384765625
-6.701354980468751
-6.2548828125
-6.058082580566407
-6.661300659179688
-7.2188568115234375
-6.740074157714845
-6.190261840820313
-5.984649658203126
-6.53900146484375
-7.10857391357422
-6.817779541015626
-6.227645874023438
-5.830841064453126
-6.263961791992188
-6.905364990234376
-6.585464477539063
-6.163291931152344
-5.901069641113281
-6.363830566406251
-7.079734802246094
-6.75262451171875
-6.282920837402345
-6.011619567871094
-6.501884460449219
-7.09148406982422
-6.733932495117188
-6.156082153320313
-6.00841522216797
-6.6228485107421875
-7.278404235839845
-6.816444396972656
-6.2548828125
-6.054344177246095
-6.593475341796875
-7.133941650390626
-6.725120544433595
-6.139259338378907
-5.852203369140626
-6.428184509277345
-6.96544647216797
-6.547279357910157
-6.023902893066406
-5.91014862060547
-6.483726501464844
-7.017517089843751
-6.645545959472657
-6.137924194335938
-5.837783813476563
-6.293334960937501
-6.863441467285157
-6.571044921875001
-6.114158630371095
-5.831642150878907
-6.299209594726563
-6.923789978027345
-6.492538452148438
-5.874366760253906
-5.582771301269532
-6.253280639648438
-6.901893615722657
-6.533393859863281
-6.0706329345703125
-5.795593261718751
-6.260223388671876
-6.812438964843751
-6.31175994873047
-5.662078857421876
-5.402793884277345
-6.186790466308595
-6.917915344238282
-6.369171142578125
-5.938453674316407
-5.858612060546876
-6.363296508789063
-6.829528808593751
-6.454353332519532
-6.003341674804688
-5.7865142822265625
-6.381187438964845
-6.971321105957032
-6.296806335449219
-5.557136535644532
-5.347785949707031
-6.004409790039063
-6.599884033203126
-6.264228820800781
-5.836448669433595
-5.645790100097657
-6.254348754882813
-6.844749450683595
-6.368370056152344
-5.8303070068359375
-5.618019104003907
-6.321372985839845
-6.94835662841797
-6.532859802246095
-6.025772094726563
-5.884246826171876
-6.526184082031251
-7.086143493652345
-6.636199951171875
-6.059951782226563
-5.849266052246095
-6.422309875488282
-7.069587707519532
-6.581192016601563
-5.958747863769532
-5.755538940429688
-6.33953094482422
-6.88640594482422
-6.478919982910156
-5.845794677734375
-5.4938507080078125
-6.1347198486328125
-6.869049072265625
-6.502685546875
-6.048469543457032
-5.816154479980469
-6.371841430664063
-7.021522521972656
-6.648216247558595
-6.110153198242188
-5.789451599121094
-6.278114318847657
-6.8145751953125
-6.317634582519531
-5.742187500000001
-5.588111877441406
-6.317634582519531
-6.892547607421876
-6.494674682617188
-5.938987731933595
-5.813751220703126
-6.551551818847657
-7.073326110839845
-6.490669250488282
-6.016693115234376
-5.84819793701172
-6.372909545898438
-6.944618225097657
-6.567306518554688
-6.065025329589844
-5.768089294433595
-6.36302947998047
-6.970252990722657
-6.5694427490234375
-6.087188720703126
-5.859680175781251
-6.432456970214845
-6.925392150878907
-6.40789031982422
-5.7790374755859375
-5.541915893554688
-6.160888671875001
-6.683731079101563
-6.22711181640625
-5.746726989746095
-5.529632568359376
-6.20147705078125
-6.75609588623047
-6.272773742675782
-5.720558166503907
-5.523490905761719
-6.18438720703125
-6.82445526123047
-6.493873596191407
-5.947532653808595
-5.704803466796876
-6.36089324951172
-6.90776824951172
-6.526451110839845
-6.034317016601563
-5.825767517089844
-6.42364501953125
-6.906166076660156
-6.359558105468751
-5.716552734375001
-5.571823120117188
-6.297607421875
-6.834335327148438
-6.351280212402344
-5.85887908935547
-5.80841064453125
-6.453018188476563
-6.975059509277345
-6.6046905517578125
-6.132850646972656
-5.914154052734376
-6.309089660644531
-6.693344116210938
-6.220436096191406
-5.7694244384765625
-5.618553161621095
-6.22203826904297
-6.777191162109376
-6.509628295898438
-5.9515380859375
-5.753135681152344
-6.439666748046876
-7.02312469482422
-6.6180419921875
-6.113357543945313
-6.131782531738281
-6.828193664550782
-7.256240844726563
-6.6420745849609375
-6.132850646972656
-6.039390563964844
-6.651954650878907
-7.190284729003906
-6.693878173828126
-6.185455322265626
-5.99132537841797
-6.659431457519532
-7.190551757812501
-6.823654174804688
-6.336059570312501
-6.134185791015626
-6.781196594238281
-7.261581420898438
-6.743011474609375
-6.142730712890626
-5.976905822753907
-6.519241333007813
-6.984405517578125
-6.437530517578126
-5.868225097656251
-5.771560668945313
-6.4359283447265625
-6.960639953613282
-6.425247192382813
-5.861549377441407
-5.799064636230469
-6.495208740234375
-6.919250488281251
-6.430053710937501
-6.009483337402345
-6.108551025390626
-6.73686981201172
-7.11284637451172
-6.678924560546876
-6.1785125732421875
-6.070098876953126
-6.708030700683595
-7.232742309570313
-6.698951721191407
-6.056747436523438
-5.817489624023438
-6.394004821777344
-6.827392578125001
-6.335792541503906
-5.963287353515626
-5.986518859863282
-6.595344543457031
-6.97612762451172
-6.455688476562501
-5.96221923828125
-5.89092254638672
-6.5753173828125
-7.05944061279297
-6.51336669921875
-6.017494201660156
-5.898399353027345
-6.458091735839845
-6.879730224609376
-6.433792114257813
-5.865020751953126
-5.637512207031251
-6.206550598144532
-6.609230041503907
-6.098937988281251
-5.548591613769532
-5.455665588378906
-6.083450317382813
-6.381454467773438
-5.922966003417969
-5.523757934570313
-5.487709045410157
-6.250877380371094
-6.817512512207031
-6.245002746582032
-5.738449096679688
-5.495719909667969
-6.036720275878907
-6.506423950195313
-5.945663452148438
-5.486106872558594
-5.396118164062501
-6.119232177734376
-6.603355407714845
-6.2548828125
-5.920562744140626
-5.781974792480469
-6.311225891113281
-6.742744445800782
-6.407089233398438
-5.936584472656251
-5.728569030761719
-6.403350830078126
-6.861305236816406
-6.390266418457031
-5.923233032226563
-5.786781311035157
-6.335525512695313
-6.795883178710938
-6.334457397460938
-5.886383056640626
-5.837783813476563
-6.46770477294922
-6.912307739257813
-6.45782470703125
-5.916023254394532
-5.780372619628907
-6.537666320800782
-7.080001831054688
-6.633262634277345
-6.167564392089845
-6.132583618164063
-6.893882751464845
-7.19615936279297
-6.437797546386719
-5.84819793701172
-6.017761230468751
-6.608695983886719
-6.818847656250001
-6.315498352050782
-5.943527221679688
-5.870628356933594
-6.401214599609376
-6.749687194824219
-6.289596557617188
-5.917091369628906
-5.76702117919922
-6.326179504394532
-6.689605712890625
-6.2842559814453125
-5.892524719238281
-5.871162414550782
-6.562767028808594
-6.955833435058594
-6.497077941894531
-5.969429016113282
-5.79265594482422
-6.458358764648438
-6.9165802001953125
-6.525917053222657
-6.047134399414063
-5.963020324707031
-6.634597778320313
-6.986007690429688
-6.463165283203126
-5.895729064941407
-5.731239318847656
-6.342201232910157
-6.743545532226563
-6.248207092285156
-5.621223449707032
-5.368614196777345
-6.0097503662109375
-6.424713134765626
-5.7464599609375
-5.20599365234375
-5.023345947265626
-5.721359252929688
-6.295471191406251
-5.766754150390626
-5.1926422119140625
-5.050048828125001
-5.685310363769532
-6.064491271972657
-5.57769775390625
-5.1573944091796875
-5.008392333984375
-5.67089080810547
-6.167564392089845
-5.681304931640626
-5.149116516113282
-5.054054260253906
-5.800132751464845
-6.283454895019531
-5.792121887207032
-5.2935791015625
-5.201988220214844
-5.897865295410157
-6.38225555419922
-6.183853149414063
-5.85460662841797
-5.76915740966797
-6.556625366210938
-7.053833007812501
-6.515235900878906
-6.018562316894532
-5.9686279296875
-6.698684692382813
-7.14488983154297
-6.6094970703125
-5.999336242675781
-5.89305877685547
-6.696281433105469
-7.162246704101563
-6.690940856933595
-6.310424804687501
-6.345672607421876
-6.981735229492188
-7.271461486816406
-6.720581054687501
-6.171836853027344
-6.015090942382813
-6.722984313964844
-7.092552185058595
-6.458625793457032
-5.9638214111328125
-5.911216735839845
-6.59374237060547
-6.924324035644531
-6.443672180175781
-5.932579040527344
-5.941123962402344
-6.661567687988282
-6.975059509277345
-6.43566131591797
-5.993728637695313
-6.026573181152345
-6.608161926269532
-6.932868957519531
-6.3910675048828125
-5.97209930419922
-6.089324951171876
-6.756629943847657
-7.00603485107422
-6.563835144042969
-6.122169494628906
-6.08612060546875
-6.620712280273438
-6.875190734863282
-6.414031982421875
-5.972900390625001
-5.95500946044922
-6.601753234863282
-6.951560974121095
-6.40789031982422
-5.897865295410157
-5.861015319824219
-6.518974304199219
-6.818847656250001
-6.367568969726563
-5.968894958496094
-5.964355468750001
-6.598014831542969
-6.930732727050782
-6.3739776611328125
-5.901336669921876
-5.940322875976563
-6.560096740722656
-6.790809631347656
-6.220169067382813
-5.636711120605469
-5.663414001464844
-6.294136047363282
-6.426849365234376
-5.888252258300782
-5.586776733398438
-5.65807342529297
-6.342201232910157
-6.623382568359376
-6.06182098388672
-5.616149902343751
-5.674095153808594
-6.260490417480469
-6.514434814453126
-6.005477905273438
-5.578765869140625
-5.585441589355469
-6.112556457519532
-6.359825134277344
-5.810813903808595
-5.363006591796875
-5.557136535644532
-6.29039764404297
-6.667175292968751
-6.055145263671876
-5.553932189941406
-5.43670654296875
-6.09600067138672
-6.392402648925782
-5.862350463867188
-5.43163299560547
-5.497322082519532
-6.267700195312501
-6.493339538574219
-5.781440734863282
-5.366477966308595
-5.498924255371095
-6.163291931152344
-6.415367126464845
-5.90160369873047
-5.49652099609375
-5.685043334960938
-6.354217529296876
-6.556892395019532
-6.105613708496095
-5.7950592041015625
-5.853805541992188
-6.510162353515626
-6.752891540527345
-6.24126434326172
-5.825767517089844
-5.907478332519532
-6.4807891845703125
-6.75182342529297
-6.203880310058595
-5.738983154296875
-5.883178710937501
-6.6068267822265625
-6.8316650390625
-6.2329864501953125
-5.687713623046876
-5.715484619140626
-6.477851867675781
-6.547012329101563
-6.097068786621095
-5.744590759277344
-5.77342987060547
-6.412429809570313
-6.600685119628907
-6.1507415771484375
-5.76702117919922
-5.792922973632813
-6.386795043945313
-6.567573547363281
-6.091995239257813
-5.799598693847657
-5.773696899414063
-6.359825134277344
-6.5512847900390625
-6.113891601562501
-5.83751678466797
-5.903205871582032
-6.4818572998046875
-6.663703918457032
-6.003074645996094
-5.503997802734376
-5.587310791015625
-6.183319091796875
-6.241798400878907
-5.650596618652345
-5.380897521972657
-5.550460815429688
-6.175575256347656
-6.319770812988281
-5.825233459472657
-5.537376403808595
-5.401191711425781
-5.90667724609375
-6.340332031250001
-5.959815979003907
-5.581970214843751
-5.715484619140626
-6.4369964599609375
-6.739807128906251
-6.140327453613281
-5.752601623535157
-5.9830474853515625
-6.688270568847657
-6.973457336425782
-6.3472747802734375
-6.055946350097657
-6.287460327148438
