Time(s) Delta Theta Alpha Beta
3.000000000000000000e+00 2.201064448885933170e-03 1.021282155751214536e-03 3.968005366269529389e-04 1.500011480229748750e-04
3.500000000000000000e+00 2.694113363973419262e-03 1.054346601281801535e-03 3.626761855983266737e-04 1.588413783327963583e-04
4.000000000000000000e+00 2.735271327780408341e-03 1.041112970463619909e-03 3.937044323882404840e-04 1.658757375993185170e-04
4.500000000000000000e+00 2.672203713881925093e-03 1.084857816065241259e-03 3.980094596038475513e-04 1.655096816541763184e-04
5.000000000000000000e+00 2.390073397083893048e-03 1.071150910445783097e-03 3.317148464077685150e-04 1.738109529522362370e-04
5.500000000000000000e+00 2.583073498146337514e-03 1.064956624758403581e-03 3.169332464477331345e-04 1.687224649703089477e-04
6.000000000000000000e+00 3.119791394497908096e-03 1.239166037265898145e-03 3.607584848726927548e-04 1.829788612111892855e-04
6.500000000000000000e+00 4.008110287169052918e-03 1.438942968793954693e-03 3.018754837132397702e-04 1.870722044721666701e-04
7.000000000000000000e+00 3.374426106940171810e-03 1.408926431106524626e-03 3.834421064349447937e-04 1.999970658549629111e-04
7.500000000000000000e+00 3.836801095031516003e-03 1.215191750338981067e-03 4.465802854705036508e-04 1.704365005222251400e-04
8.000000000000000000e+00 3.033057880785837955e-03 1.242260691955787829e-03 4.486551318752776858e-04 1.962921382140396704e-04
8.500000000000000000e+00 4.088166130630379626e-03 1.396951762817490172e-03 4.153194804988551538e-04 1.726212936865474115e-04
9.000000000000000000e+00 4.320500454888885795e-03 1.597025223879796393e-03 4.599611165620794834e-04 1.958497699358331624e-04
9.500000000000000000e+00 4.466646196747323626e-03 1.454466016712310534e-03 4.247148584011570943e-04 2.130095888929113839e-04
1.000000000000000000e+01 3.741987620605123719e-03 1.461196803650719215e-03 3.717677929808621334e-04 2.187829621230576497e-04
1.050000000000000000e+01 2.969217989119220247e-03 1.087563231202235033e-03 4.628591536335603359e-04 2.114472248693000979e-04
1.100000000000000000e+01 2.987387087600185120e-03 1.182838459903745370e-03 4.487192951932912903e-04 2.096705379442729113e-04
1.150000000000000000e+01 2.652696802131791938e-03 8.990511743300758692e-04 3.587193558110058950e-04 2.387157469970093814e-04
1.200000000000000000e+01 2.989352591675206467e-03 1.161085789089298312e-03 3.677207524162584042e-04 2.529105843903310647e-04
1.250000000000000000e+01 2.401501910680976272e-03 8.899441401349404788e-04 3.794305525577122500e-04 2.734587987580544598e-04
1.300000000000000000e+01 1.837950027999501893e-03 7.385387584148406497e-04 4.124194047139716690e-04 2.558076146826198933e-04
1.350000000000000000e+01 1.958661840380934976e-03 6.890144457980500051e-04 4.280002629590369729e-04 2.398007863963346896e-04
1.400000000000000000e+01 2.006234001838032733e-03 5.882700184921964932e-04 4.476192647387713898e-04 2.199589913445501479e-04
1.450000000000000000e+01 2.279516876541528257e-03 6.886532993861734127e-04 4.371548428999515873e-04 2.231717293855860901e-04
1.500000000000000000e+01 2.040946784962971005e-03 7.284469821089629461e-04 3.726443110990889729e-04 2.249765383185514331e-04
1.550000000000000000e+01 1.962285497462946948e-03 9.163262193549634145e-04 4.726750770068679879e-04 2.069915710109681748e-04
1.600000000000000000e+01 1.823069336598432148e-03 9.038835559795011182e-04 4.613505902847163625e-04 2.048066157704766588e-04
1.650000000000000000e+01 1.790458284031823648e-03 1.237052097595402883e-03 5.217091158227404792e-04 2.223329764541712888e-04
1.700000000000000000e+01 1.808920626357493969e-03 1.914473244051003668e-03 4.805050709620628264e-04 2.177445518698190973e-04
1.750000000000000000e+01 2.460766191864423736e-03 1.988125997306208412e-03 5.100888692503408820e-04 2.224732288000974350e-04
1.800000000000000000e+01 2.600073940523638626e-03 1.905819518922681303e-03 5.104395187567081727e-04 2.090229933706358087e-04
1.850000000000000000e+01 2.161662416314386135e-03 2.072220643408977190e-03 5.171677429295352913e-04 2.242868610233661041e-04
1.900000000000000000e+01 2.326626640352269515e-03 1.770343283247834869e-03 5.514331541251700280e-04 2.050753948729292062e-04
1.950000000000000000e+01 2.084366551705664049e-03 1.835749657365442263e-03 5.551170384788886320e-04 2.434016299881306691e-04
2.000000000000000000e+01 2.267681984595342880e-03 1.503744399042616659e-03 6.793110258040243243e-04 2.466146841103904956e-04
2.050000000000000000e+01 2.073961775522463989e-03 1.411118992909276334e-03 5.795457713180105419e-04 2.188072098426380109e-04
2.100000000000000000e+01 2.171099724723286276e-03 5.745990420221358443e-04 6.684860628456046252e-04 2.272194114266256183e-04
2.150000000000000000e+01 1.322319601330087689e-03 5.449032625323022233e-04 5.894766890173717142e-04 2.290977580890101242e-04
2.200000000000000000e+01 9.946331068297600744e-04 6.016654076275026412e-04 6.649576979116156349e-04 2.459092595641838332e-04
2.250000000000000000e+01 7.717414182634090925e-04 5.067738342758391348e-04 5.847409573757647539e-04 2.392621816770103369e-04
2.300000000000000000e+01 7.819144204771618593e-04 5.553580593782306762e-04 6.221308258835024640e-04 2.582637029641625241e-04
2.350000000000000000e+01 9.272596595003795936e-04 9.786335888512230109e-04 5.415887154862361955e-04 2.552363700058208435e-04
2.400000000000000000e+01 1.686207458788114384e-03 1.431956158980495506e-03 5.469243298497249639e-04 2.182694500574721048e-04
2.450000000000000000e+01 2.125634126332143041e-03 1.595501097811790822e-03 4.972765623539902521e-04 2.063278334332553979e-04
2.500000000000000000e+01 1.851997024107243520e-03 1.628372537937666092e-03 6.265766871831548882e-04 2.062370823389184636e-04
2.550000000000000000e+01 2.477437999282982618e-03 1.800058207923144193e-03 5.890741951825611720e-04 2.073284523718523572e-04
2.600000000000000000e+01 2.459015697345356098e-03 1.671805001903674433e-03 6.290231015284307751e-04 1.886247088476872280e-04
2.650000000000000000e+01 3.253170130529483596e-03 1.841403111491398282e-03 6.162489320104046295e-04 1.834758013838988847e-04
2.700000000000000000e+01 3.872861721006013152e-03 1.847170564284514489e-03 6.572781264299230267e-04 1.657422218572792111e-04
2.750000000000000000e+01 3.908753267982379397e-03 1.575969115812603846e-03 6.422739095395009609e-04 1.633513934379152513e-04
2.800000000000000000e+01 3.441185220766959652e-03 1.279994633123004988e-03 6.053944907875042627e-04 1.500160683336802347e-04
2.850000000000000000e+01 2.772260768164821164e-03 1.069346193673018043e-03 5.606890825020627560e-04 1.598442961720579578e-04
2.900000000000000000e+01 3.189585660497763243e-03 1.094850050381428273e-03 5.040266428259237595e-04 1.780100998374513062e-04
2.950000000000000000e+01 2.899730945284685699e-03 8.865498866725073741e-04 4.878482109844111303e-04 1.918688138364350784e-04
3.000000000000000000e+01 3.106615815341315801e-03 1.102798790212181817e-03 6.249898198063819077e-04 1.825445388720859025e-04
3.050000000000000000e+01 3.633617023628371405e-03 8.898371593325512608e-04 7.829918038449806220e-04 2.227184796868101615e-04
3.100000000000000000e+01 2.998681832279307107e-03 1.002350454526895447e-03 7.680046614969341344e-04 2.061174851818576269e-04
3.150000000000000000e+01 2.997159739789308480e-03 9.712520060511696876e-04 8.150427509483981715e-04 1.984799498199883347e-04
3.200000000000000000e+01 2.860240570550497911e-03 8.310538690953894053e-04 7.209169780094945102e-04 1.780269805781149826e-04
3.250000000000000000e+01 3.218977907860492982e-03 9.344944728005173933e-04 7.922542173885495928e-04 2.051394990442407347e-04
3.300000000000000000e+01 3.314781607120883232e-03 9.230129709100424323e-04 7.416153384381842092e-04 1.612558595892166875e-04
3.350000000000000000e+01 3.847665540028427037e-03 9.450500648525979146e-04 7.721035415387484183e-04 1.646034383815439658e-04
3.400000000000000000e+01 4.432438500164203807e-03 8.111959980232756910e-04 6.332602319204520998e-04 1.507049480952706532e-04
3.450000000000000000e+01 3.588981409231863876e-03 8.943113295998674286e-04 4.888146828515281019e-04 1.755293215646426769e-04
3.500000000000000000e+01 3.713673907845483485e-03 8.805473023341873866e-04 4.401087798777762717e-04 1.620867377279874291e-04
3.550000000000000000e+01 3.469156538357157180e-03 1.123300992326069225e-03 4.063790056697929838e-04 1.818328162998212119e-04
3.600000000000000000e+01 4.253622594256185364e-03 1.219468307873952488e-03 5.197079069445088633e-04 1.743209083381148190e-04
3.650000000000000000e+01 3.882271974229876965e-03 1.041710276475145674e-03 4.719127521247749001e-04 1.703840734728954791e-04
3.700000000000000000e+01 3.886502398656833685e-03 1.124301956828386347e-03 5.706091180840306429e-04 1.810626336604790232e-04
3.750000000000000000e+01 3.309889071831062252e-03 1.251501777113738509e-03 4.737763151414750074e-04 1.654963481638312367e-04
3.800000000000000000e+01 2.673354663781404589e-03 1.587494959230892257e-03 5.590104874251873189e-04 1.803313456268771536e-04
3.850000000000000000e+01 2.463370368259828330e-03 1.509592823441736594e-03 4.609968267734377732e-04 1.423315511530599483e-04
3.900000000000000000e+01 1.956360343380951581e-03 1.575483697298246839e-03 5.242188563190484539e-04 1.373136765708573811e-04
3.950000000000000000e+01 2.433440772102317233e-03 1.233421099672006929e-03 5.185619066427652694e-04 1.340767926326621507e-04
4.000000000000000000e+01 3.549978076669974697e-03 1.370445286553223507e-03 4.640423355530549194e-04 1.430783850434498572e-04
4.050000000000000000e+01 4.612563238643113163e-03 1.647370406369766827e-03 4.470204722976698448e-04 1.524682236095861742e-04
4.100000000000000000e+01 4.708701137097938069e-03 1.454786074872709391e-03 4.336163122849627039e-04 1.389915594346848135e-04
4.150000000000000000e+01 4.993629408144662461e-03 1.639152944524317757e-03 4.238453003883332448e-04 1.482761632374589517e-04
4.200000000000000000e+01 4.709624177660044590e-03 1.024314898513409636e-03 3.735684027809892376e-04 1.281899166635976637e-04
4.250000000000000000e+01 5.129112176048077933e-03 1.315970150396347793e-03 3.619360126122916758e-04 1.414587790480268943e-04
4.300000000000000000e+01 4.645583515301900980e-03 1.077069935228901643e-03 3.633995664558561066e-04 1.303388221839065126e-04
4.350000000000000000e+01 5.261698940604646671e-03 1.320523460691592176e-03 4.287754117913956877e-04 1.474276855956054304e-04
4.400000000000000000e+01 4.003898982157310868e-03 8.338590959919371095e-04 4.622648311258871251e-04 1.317049374967510587e-04
4.450000000000000000e+01 3.887430325616113378e-03 7.524347034100521692e-04 4.992945929113999431e-04 1.602447137134079870e-04
4.500000000000000000e+01 3.246891117174037413e-03 6.464281550175288681e-04 4.288923211894745931e-04 1.541099726788159208e-04
4.550000000000000000e+01 3.669942248977573190e-03 5.924611357770213178e-04 4.199577615165715804e-04 1.721049456105553169e-04
4.600000000000000000e+01 3.394299844709740017e-03 5.805628761662029198e-04 4.299542988591493120e-04 1.777586287007114471e-04
4.650000000000000000e+01 3.346090237004349655e-03 8.013776397385330170e-04 4.293585724768531585e-04 1.887832522408949311e-04
4.700000000000000000e+01 3.821500859152215761e-03 8.795985533649542179e-04 4.839998262102579636e-04 2.380167699462132781e-04
4.750000000000000000e+01 4.187325343569070317e-03 8.854555482817633594e-04 4.497261282078021867e-04 2.569220874306399620e-04
4.800000000000000000e+01 3.674480298629803111e-03 1.096752283287513990e-03 4.945742178862772833e-04 2.687651003174394877e-04
4.850000000000000000e+01 2.846562008357533813e-03 1.172635109619821030e-03 5.438709920577136561e-04 2.658331003393754133e-04
4.900000000000000000e+01 4.080885139600440824e-03 1.407634621143061954e-03 5.340238466642761297e-04 2.557363179520298906e-04
4.950000000000000000e+01 4.076261328122013361e-03 1.285922898712827354e-03 5.733338266322127478e-04 2.609484036470021578e-04
5.000000000000000000e+01 4.041472524509894665e-03 1.465905505368575532e-03 5.244169073898624547e-04 2.323274456154294848e-04
5.050000000000000000e+01 4.210871428737182620e-03 1.179683180000062979e-03 6.045551064976076088e-04 2.440246397896127749e-04
5.100000000000000000e+01 3.860028281962878983e-03 1.036206673920312370e-03 5.014157316290129710e-04 1.735865200541562208e-04
5.150000000000000000e+01 3.466832290362807135e-03 1.019619940704611684e-03 5.212679135710703102e-04 1.610652266385814138e-04
5.200000000000000000e+01 3.125419400148558759e-03 9.740125168801013400e-04 4.204350972232343280e-04 1.363548902263705552e-04
5.250000000000000000e+01 3.468686754613426772e-03 9.111322304250664417e-04 3.892265390407034613e-04 1.404594899069889504e-04
5.300000000000000000e+01 2.469453889866477739e-03 8.114107377752978164e-04 3.792034225481505437e-04 1.340681999499036847e-04
5.350000000000000000e+01 2.530280592037568044e-03 9.490097519377678091e-04 4.211291731280897310e-04 1.550428304209357754e-04
5.400000000000000000e+01 3.104460501168619917e-03 9.508609755685199427e-04 4.324698934629852870e-04 1.577117251156618185e-04
5.450000000000000000e+01 3.373365982037122759e-03 1.108840630723039161e-03 4.255510788045175773e-04 1.546814230951710318e-04
5.500000000000000000e+01 4.328022460634426381e-03 1.346460825027989781e-03 4.782672801663880751e-04 1.553102727195893723e-04
5.550000000000000000e+01 4.257999541709677274e-03 1.564139264785169466e-03 4.744780537908303169e-04 1.609203632817345531e-04
5.600000000000000000e+01 4.316868310480630536e-03 1.711180764538995126e-03 4.329688886133502669e-04 1.610444510508799939e-04
5.650000000000000000e+01 4.198457062911333318e-03 1.855264956258432813e-03 4.426531510632274570e-04 1.607166514212098182e-04
5.700000000000000000e+01 5.761276970559975341e-03 1.930011027204211896e-03 4.685836842179773700e-04 1.591353489013501129e-04
5.750000000000000000e+01 6.359758984657760787e-03 1.899009859321029378e-03 5.682993530636645417e-04 1.450357116863999535e-04
5.800000000000000000e+01 5.571658406456387810e-03 1.803460261761205378e-03 6.457480984075022242e-04 1.598532834107370198e-04
5.850000000000000000e+01 6.434822164648810842e-03 1.980612505534011004e-03 6.516474542447985583e-04 1.512689273541393913e-04
5.900000000000000000e+01 4.827687215854649036e-03 1.629600991897354328e-03 6.351628687605808234e-04 1.724964318571062651e-04
5.950000000000000000e+01 5.821332070245806810e-03 1.717543547555385993e-03 5.680150582266679012e-04 1.493612262859381028e-04
6.000000000000000000e+01 4.794661536207437368e-03 1.487117144948536720e-03 5.956996410963989394e-04 1.648399596225891674e-04
6.050000000000000000e+01 5.854148731320260417e-03 1.363614905772217185e-03 5.275150596623432017e-04 1.317479286103012139e-04
6.100000000000000000e+01 3.120011092929509365e-03 1.151342017453631499e-03 5.463496216982839009e-04 1.439503811227096474e-04
6.150000000000000000e+01 2.672568894165269771e-03 1.095173073667521585e-03 4.194700716421480725e-04 1.288690591311381800e-04
6.200000000000000000e+01 2.192284263073602472e-03 1.289933460323590061e-03 3.383981532099520576e-04 1.207367563336011400e-04
6.250000000000000000e+01 2.731462810152971658e-03 1.097780143779717322e-03 3.669587173229249826e-04 1.163338770349941071e-04
6.300000000000000000e+01 2.238145166225892404e-03 1.241396117430307961e-03 4.932348004216628159e-04 1.153159719602614376e-04
6.350000000000000000e+01 2.313658113591699535e-03 1.124584719458989650e-03 4.871331894975911210e-04 1.194816063175236438e-04
6.400000000000000000e+01 2.121443287334422081e-03 1.004433935049266419e-03 5.641474352620119573e-04 1.339032317897430747e-04
6.450000000000000000e+01 2.399267810403245011e-03 1.175617081524647171e-03 5.218312508564389727e-04 1.489381743256323692e-04
6.500000000000000000e+01 2.309048912583228346e-03 1.186421004850653736e-03 5.485848796839168200e-04 1.551224058782408710e-04
6.550000000000000000e+01 2.469192871843568522e-03 1.195713935173059591e-03 5.324230545068307655e-04 1.689769595933542296e-04
6.600000000000000000e+01 2.070519549688238769e-03 1.040430485856855790e-03 6.151903415205313072e-04 1.682231269573511857e-04
6.650000000000000000e+01 1.631451177998805490e-03 9.560194331820262830e-04 5.137018521262548456e-04 1.827004509869970916e-04
6.700000000000000000e+01 1.466344022850194894e-03 9.128827479327610321e-04 4.310861009601182621e-04 1.702177173873287272e-04
6.750000000000000000e+01 1.945561787158643771e-03 8.682763309455240972e-04 3.453995372716388312e-04 1.790240518119932392e-04
6.800000000000000000e+01 1.853108000008084040e-03 9.725773176867210821e-04 3.469721507773546021e-04 1.541839172386861385e-04
6.850000000000000000e+01 1.834861754261584528e-03 8.736295817784699158e-04 3.129208770029023802e-04 1.572536617445721913e-04
6.900000000000000000e+01 1.605740089592882624e-03 7.919290142504299647e-04 3.290346603304963586e-04 1.575843349891327882e-04
6.950000000000000000e+01 1.800843105448908391e-03 7.353096979541242544e-04 2.595475499310488329e-04 2.024695731146867463e-04
7.000000000000000000e+01 1.901400027567034514e-03 7.178747107078691479e-04 2.895098834454258325e-04 2.218447855483574678e-04
7.050000000000000000e+01 1.913853556701388412e-03 7.400801170320671449e-04 4.687573910167846906e-04 2.137021044927709572e-04
7.100000000000000000e+01 1.713872612461360672e-03 8.695550861927185899e-04 5.754944283245089611e-04 2.523939584693332054e-04
7.150000000000000000e+01 1.893937363884961710e-03 7.808043113446582395e-04 5.957914360930469024e-04 2.217975426772487372e-04
7.200000000000000000e+01 2.172696828539667432e-03 8.188660369252906412e-04 6.664107734014837903e-04 2.542117819059587177e-04
7.250000000000000000e+01 2.683472648643857490e-03 1.243548338072583519e-03 6.283476908903485323e-04 2.307060718994028098e-04
7.300000000000000000e+01 2.868746135308350605e-03 1.374944477735642618e-03 7.476794820156137380e-04 2.541811061971910399e-04
7.350000000000000000e+01 2.914321537982501095e-03 1.713658525988074775e-03 9.289780604512098017e-04 1.903487377316871959e-04
7.400000000000000000e+01 3.556872863607935149e-03 1.957759463136591466e-03 9.609792087617384081e-04 1.833000448428132023e-04
7.450000000000000000e+01 4.187809695398840744e-03 1.862776835805172049e-03 8.370352559521110391e-04 1.845705450795791865e-04
7.500000000000000000e+01 4.073809729483824325e-03 1.821944155841434630e-03 7.726638813804201844e-04 1.688013236833926420e-04
7.550000000000000000e+01 4.084625022404401833e-03 1.845817284969950445e-03 7.446059944477543581e-04 1.867189328224116236e-04
7.600000000000000000e+01 3.148047579712967038e-03 1.987878215998530908e-03 7.729159987831805056e-04 1.857819670499793899e-04
7.650000000000000000e+01 3.275133110406808212e-03 1.405571475927943747e-03 8.373935802827911891e-04 1.877733475576018319e-04
7.700000000000000000e+01 2.686623250769765592e-03 1.378400050583022691e-03 8.325048846399688875e-04 1.809690585860502989e-04
7.750000000000000000e+01 3.239416408659981893e-03 1.087314447237019803e-03 5.911901146379275242e-04 1.812921740310765217e-04
7.800000000000000000e+01 2.888269584956229454e-03 1.018730821757237587e-03 6.045226813776506149e-04 1.670802546372368667e-04
7.850000000000000000e+01 2.418537514687913500e-03 8.615904393083529018e-04 5.546508237305212497e-04 1.557663688739671236e-04
7.900000000000000000e+01 2.575818713402994783e-03 1.111226720515545328e-03 5.647016339446690302e-04 1.442777972619819387e-04
7.950000000000000000e+01 2.508431733244817496e-03 8.722169635076654562e-04 5.874488948230015750e-04 1.358248235992946318e-04
8.000000000000000000e+01 2.890957250225532123e-03 9.045532595831425222e-04 5.427659020756008066e-04 1.330342764778678899e-04
8.050000000000000000e+01 3.027748118346538977e-03 9.453257119582312001e-04 5.039120724455422098e-04 1.376043860959460868e-04
8.100000000000000000e+01 3.122437908099017466e-03 9.199961736954957768e-04 4.722957587349600772e-04 1.548145483674099915e-04
8.150000000000000000e+01 3.138811851591378176e-03 8.933830848428794477e-04 6.531315062415265008e-04 1.701905886054130759e-04
8.200000000000000000e+01 2.651990006411667541e-03 9.179531158432512224e-04 5.086208165251818788e-04 1.696876354092968374e-04
8.250000000000000000e+01 2.449456766417190158e-03 8.619630776902679429e-04 5.408856203419091981e-04 1.760471676778987775e-04
8.300000000000000000e+01 2.362714563945766521e-03 9.517707117876427186e-04 4.338893147912034317e-04 1.909230056178952428e-04
8.350000000000000000e+01 2.653377621877921720e-03 8.286167751999015674e-04 4.570462489687830503e-04 2.139614400309221070e-04
8.400000000000000000e+01 2.680443294709189146e-03 9.179996719633879993e-04 3.931948300699208694e-04 2.175776407914952989e-04
8.450000000000000000e+01 2.238307669270194096e-03 7.447274629062367122e-04 4.406783125802173095e-04 2.278672296786821659e-04
8.500000000000000000e+01 2.312951605798676136e-03 8.581013683068136524e-04 4.158253602709182251e-04 1.988726885009719765e-04
8.550000000000000000e+01 2.104222549934506130e-03 8.290749829881246657e-04 3.579975532220616751e-04 1.825954125546943685e-04
8.600000000000000000e+01 2.175845975385494631e-03 7.196437656042964934e-04 3.065346217725593999e-04 1.682851528976915837e-04
8.650000000000000000e+01 1.939631025461252501e-03 8.716002971872801458e-04 3.830770395616856384e-04 1.943768665184248681e-04
8.700000000000000000e+01 1.838783422190947000e-03 6.787857570755206557e-04 3.313931631572462617e-04 1.863160441598704317e-04
8.750000000000000000e+01 1.303949895783045173e-03 7.383686295604186510e-04 3.847533292135211298e-04 1.838065926768197667e-04
8.800000000000000000e+01 1.021252588416432603e-03 7.335563802310829558e-04 3.105115821817061865e-04 1.837858661220828031e-04
8.850000000000000000e+01 9.662951168263045343e-04 6.879467790172856187e-04 3.431272160463203565e-04 1.777964072697596953e-04
8.900000000000000000e+01 9.168734573176495848e-04 7.245218846962310933e-04 2.631913501369167693e-04 2.020390625725860232e-04
8.950000000000000000e+01 8.365266182851643657e-04 6.622507901376183895e-04 3.001885497276591793e-04 2.090909843086949816e-04
9.000000000000000000e+01 1.054514984412406728e-03 7.139003017414204295e-04 3.986878086857561631e-04 2.091517242432302788e-04
9.050000000000000000e+01 1.808987935761145402e-03 7.685021168170762034e-04 3.781194566717614443e-04 1.904364130528890021e-04
9.100000000000000000e+01 2.353145081230691941e-03 9.503470616325471968e-04 4.582670771950039107e-04 1.710776765129483649e-04
9.150000000000000000e+01 2.725429397832878319e-03 8.461167571457640013e-04 4.704593723127939876e-04 1.621737880034748302e-04
9.200000000000000000e+01 3.001126685278254075e-03 9.322430448504393603e-04 5.426493140986713088e-04 1.430438658416292213e-04
9.250000000000000000e+01 2.924620002095845803e-03 1.104943954338543245e-03 5.499550689137906647e-04 1.615408934296136314e-04
9.300000000000000000e+01 3.368290776014133073e-03 1.186059928073947278e-03 5.858712759206195385e-04 1.670769651670618030e-04
9.350000000000000000e+01 3.456781190367695048e-03 1.070156698794951650e-03 5.393768965084021769e-04 1.603891731849650247e-04
9.400000000000000000e+01 3.759778399880221895e-03 1.303965745031627783e-03 5.609207976151486417e-04 1.810662190852926499e-04
9.450000000000000000e+01 4.115784706476626267e-03 1.317772340493111177e-03 5.263603350503634525e-04 1.738071310215523837e-04
9.500000000000000000e+01 3.688686811919778853e-03 1.387849739941566379e-03 5.264208666816240284e-04 1.915369696075610879e-04
9.550000000000000000e+01 3.742886844171738978e-03 1.446930389874402211e-03 5.108988336742505913e-04 1.912338147920284337e-04
9.600000000000000000e+01 3.594691517490198381e-03 1.428328288013949255e-03 6.794223363624017457e-04 2.135271296535309980e-04
9.650000000000000000e+01 3.712772716830133480e-03 1.297858119187886815e-03 5.897624244706290786e-04 1.948528185268141150e-04
9.700000000000000000e+01 3.331730712922360230e-03 1.303802117343222985e-03 7.008834452545947141e-04 1.792233379394511910e-04
9.750000000000000000e+01 3.834455593994969599e-03 1.636020526186762096e-03 6.521742922844178539e-04 1.711743266731616774e-04
9.800000000000000000e+01 4.384303627725559017e-03 1.540181274507175296e-03 6.896193367897628925e-04 1.581772479334789369e-04
9.850000000000000000e+01 3.417551143476954285e-03 1.492239128085687695e-03 7.417281672548370255e-04 1.532267965016456310e-04
9.900000000000000000e+01 3.758633722184797580e-03 1.184760254992686234e-03 7.959847109814500521e-04 1.564284520100356162e-04
9.950000000000000000e+01 3.723899916129965425e-03 1.385958120407995492e-03 7.658142397300793987e-04 1.539996123755829280e-04
1.000000000000000000e+02 4.153882863283039038e-03 1.215684048930074264e-03 6.642458859361320125e-04 1.553913563536262984e-04
1.005000000000000000e+02 3.960515448918374218e-03 1.618261747439272546e-03 8.321145631412540152e-04 2.221298744203849501e-04
1.010000000000000000e+02 5.885952994277313978e-03 1.957329251639793911e-03 1.058816029785508445e-03 1.938983382597024129e-04
1.015000000000000000e+02 4.900496347296117924e-03 1.810245672325386159e-03 9.305372312348852417e-04 2.101066159650053985e-04
1.020000000000000000e+02 5.261881222927666281e-03 2.155097452986130292e-03 1.017564869644172094e-03 1.914695870315340795e-04
1.025000000000000000e+02 4.521877343388091067e-03 2.235500480206754209e-03 8.017752820844273364e-04 2.213348195939514144e-04
1.030000000000000000e+02 4.684171665605196822e-03 2.130556989375879430e-03 9.214966687859014972e-04 2.032533492180458386e-04
1.035000000000000000e+02 4.213757133676987281e-03 2.203623250192359058e-03 8.228771609422238110e-04 2.162204174999331847e-04
1.040000000000000000e+02 4.246048342641616999e-03 2.216622255116745994e-03 8.972001266460971625e-04 2.075211814294361523e-04
1.045000000000000000e+02 5.102508365521576938e-03 2.322881778967300116e-03 7.260787143093595016e-04 1.358244842553264775e-04
1.050000000000000000e+02 3.721913038416381492e-03 1.583554844185663252e-03 4.552711015839760252e-04 1.400120429424885277e-04
1.055000000000000000e+02 3.624716214605425927e-03 1.737444544804741132e-03 4.983553983720134589e-04 1.354751478334489598e-04
1.060000000000000000e+02 2.907403164896877647e-03 1.280770474084209909e-03 4.512326811911998884e-04 1.506994547138559393e-04
1.065000000000000000e+02 3.028368848488569801e-03 1.167615521617934062e-03 5.454483379389484443e-04 1.439063681987445928e-04
1.070000000000000000e+02 3.255208484225731447e-03 1.283068409218833788e-03 4.557561145582244839e-04 1.399316152309177915e-04
1.075000000000000000e+02 2.858537834822725242e-03 1.409292507694042546e-03 4.426990612863686237e-04 1.527605926458664310e-04
1.080000000000000000e+02 2.777718819509262301e-03 1.231713350635538348e-03 4.697960639514252366e-04 1.543558498762457221e-04
1.085000000000000000e+02 1.669105348123129870e-03 1.204694663613058679e-03 4.083844029013636106e-04 1.559431421912951365e-04
1.090000000000000000e+02 1.586226688930680558e-03 1.097421591886493276e-03 5.008680684581883532e-04 1.677468052072158752e-04
1.095000000000000000e+02 1.574283815924759937e-03 1.082299940383280685e-03 4.366314090843199003e-04 1.612849766868355026e-04
1.100000000000000000e+02 1.887575722321411078e-03 9.147421206409300440e-04 5.147161478530443927e-04 1.600582254280326366e-04
1.105000000000000000e+02 1.564678819194210199e-03 8.344496107780569483e-04 4.079092906878825924e-04 1.389033376518458089e-04
1.110000000000000000e+02 1.356015138302357759e-03 8.122412887118116240e-04 5.534538297339938349e-04 1.628355755748174983e-04
1.115000000000000000e+02 1.570701252788483156e-03 7.091995947596792076e-04 5.084352052110413089e-04 1.373110566988770256e-04
1.120000000000000000e+02 1.594740766923566627e-03 7.860042145471464112e-04 4.918592953428165904e-04 1.363294970451760972e-04
1.125000000000000000e+02 1.695874835433546770e-03 6.741705179329443402e-04 4.466523940836494670e-04 1.362881818421373835e-04
1.130000000000000000e+02 1.556867487825335655e-03 8.143666067503154251e-04 4.517878136514544697e-04 1.282350683267207813e-04
1.135000000000000000e+02 1.502272592380035241e-03 8.491203397099041702e-04 4.804797940845658083e-04 1.346497479194597678e-04
1.140000000000000000e+02 1.674464936239484234e-03 1.103549393781130209e-03 4.953116616494184291e-04 1.434136866992502827e-04
1.145000000000000000e+02 2.425888021610904215e-03 1.420422498472264728e-03 5.266944366889075510e-04 1.624385657714392389e-04
1.150000000000000000e+02 2.411396654916752019e-03 1.288396407279110423e-03 5.525591310346747486e-04 1.611198950415167457e-04
1.155000000000000000e+02 3.593993398870231303e-03 1.393087755821345716e-03 6.836092322157447413e-04 1.546024767660877854e-04
1.160000000000000000e+02 4.915861849752204901e-03 1.118532422592923318e-03 7.313203014940398419e-04 1.535213085199789288e-04
1.165000000000000000e+02 4.985106026214410416e-03 1.468444121061341680e-03 7.471372818211548857e-04 1.445361125052774601e-04
1.170000000000000000e+02 6.346630442417937161e-03 1.342220894877216904e-03 8.154256704135555553e-04 1.555155888394208310e-04
1.175000000000000000e+02 6.389441400788231640e-03 1.360143275441018807e-03 7.792972652647701948e-04 1.343824285049480250e-04
1.180000000000000000e+02 6.216694876628443486e-03 1.221886857648948107e-03 8.190759808717607135e-04 1.352475715107664337e-04
1.185000000000000000e+02 5.467008695844098251e-03 9.621887807740782004e-04 8.488183889787169565e-04 1.261092403114442550e-04
1.190000000000000000e+02 5.689346926427924465e-03 9.963894779682087172e-04 7.787984175548572606e-04 1.256517987282450635e-04
1.195000000000000000e+02 4.763965729660412166e-03 8.049392236220098652e-04 6.431791082484283580e-04 1.240033983165218269e-04
1.200000000000000000e+02 3.991864313789793110e-03 9.224001137997264559e-04 6.396224489071020928e-04 1.280565151764433975e-04
1.205000000000000000e+02 4.285269920349564325e-03 7.621852156053644757e-04 5.934249316871775511e-04 1.390504372874257980e-04
1.210000000000000000e+02 2.850486899694964962e-03 5.955022449611339832e-04 6.083005249673549466e-04 1.294344511043242182e-04
1.215000000000000000e+02 2.760746467082734589e-03 7.535525066039653729e-04 5.655482829035921814e-04 1.466469034862900194e-04
1.220000000000000000e+02 2.680896081466457598e-03 7.138793564442056944e-04 6.511706496009958935e-04 1.492694253855517041e-04
1.225000000000000000e+02 3.418559593207335951e-03 7.599282166613145328e-04 5.314870186922222243e-04 1.620107483507960203e-04
1.230000000000000000e+02 2.770161505745866778e-03 7.433480287149027551e-04 6.694453229602840161e-04 1.467503846757153428e-04
1.235000000000000000e+02 2.860751191191228133e-03 7.205384660214397049e-04 5.774866557644112988e-04 1.618078941729741667e-04
1.240000000000000000e+02 1.683283897635730331e-03 6.743809542539767584e-04 5.678964017216694103e-04 1.534159153761286906e-04
1.245000000000000000e+02 1.213727459382415302e-03 5.841597861478452832e-04 5.180875692156751118e-04 1.567070383996600411e-04
1.250000000000000000e+02 1.258007523004549396e-03 6.184926658913262373e-04 5.149546519657135970e-04 1.523671520787068731e-04
1.255000000000000000e+02 1.376739322802434393e-03 8.147305171949240955e-04 4.254468416834135099e-04 1.580768237449574950e-04
1.260000000000000000e+02 1.530057219227832100e-03 6.989703771324243947e-04 4.156928989135386609e-04 1.544756832454214225e-04
1.265000000000000000e+02 1.485274060819934128e-03 6.882913250779324008e-04 3.761265748926525361e-04 1.502851529709121978e-04
1.270000000000000000e+02 1.474410914486691234e-03 6.721385407479186320e-04 3.630814750625961022e-04 1.588144650843677610e-04
1.275000000000000000e+02 2.047937977336238089e-03 8.021745843265616453e-04 3.617751462430606282e-04 1.606285616110055925e-04
1.280000000000000000e+02 2.063967940421961109e-03 8.682746990294011374e-04 4.246265727757146040e-04 1.668309342340860339e-04
1.285000000000000000e+02 2.453429905418171887e-03 8.941709945418880928e-04 4.479883070171252315e-04 1.701671795115692232e-04
1.290000000000000000e+02 2.635867152292580527e-03 9.164342739083998013e-04 5.339282914282140547e-04 1.812963749679339883e-04
1.295000000000000000e+02 2.787687690805492301e-03 5.859047466375508781e-04 6.323758277237882895e-04 1.775066705896407194e-04
1.300000000000000000e+02 2.642379199254633014e-03 7.452420018648397895e-04 5.795453650576803690e-04 1.664260419348135948e-04
1.305000000000000000e+02 2.199702903807831521e-03 8.942195021290015979e-04 6.168922587846114311e-04 1.641881747313291852e-04
1.310000000000000000e+02 2.245741325646113690e-03 1.104054770598734058e-03 5.727700295955932353e-04 1.799494272648431291e-04
1.315000000000000000e+02 1.913888336499116206e-03 1.161006592662640335e-03 6.158081172294245422e-04 1.737922422649464994e-04
1.320000000000000000e+02 2.356912435917613274e-03 1.423723630678399481e-03 5.532967041110596011e-04 1.803873654709885752e-04
1.325000000000000000e+02 2.181144607471075490e-03 1.616199856645445573e-03 7.251446904526500726e-04 1.781964902974713912e-04
1.330000000000000000e+02 2.687398968666527329e-03 1.809289515486180817e-03 5.910806581688504875e-04 1.899633542275338855e-04
1.335000000000000000e+02 2.008234364613755655e-03 1.715234989212289281e-03 6.206955884228410438e-04 1.990148159193783008e-04
1.340000000000000000e+02 2.605509684647871159e-03 1.673328193486443198e-03 6.369038160463970930e-04 2.225941435235566769e-04
1.345000000000000000e+02 2.256029641704102289e-03 1.369322050444155871e-03 6.858728551471334660e-04 2.369856102355935243e-04
1.350000000000000000e+02 2.852955539186341309e-03 1.381440693541860715e-03 6.818878592378958391e-04 2.173780095362005829e-04
1.355000000000000000e+02 2.248588108908045925e-03 1.183884087487817186e-03 8.155295702960523030e-04 2.271307997635508245e-04
1.360000000000000000e+02 3.175806092449154870e-03 1.389715015105721062e-03 7.945868600998409704e-04 2.267107557890510024e-04
1.365000000000000000e+02 2.838599039206150289e-03 1.088862713577595353e-03 6.844335269079689955e-04 2.145548302208397410e-04
1.370000000000000000e+02 2.606668897340642683e-03 1.009124995822393428e-03 6.911988199160356379e-04 2.049781935107132329e-04
1.375000000000000000e+02 3.232280003166585185e-03 1.087417117737233836e-03 6.431501065493199247e-04 1.936402409473172699e-04
1.380000000000000000e+02 3.393809885477044787e-03 1.174116179769515251e-03 6.071370947766164573e-04 1.980029750261291907e-04
1.385000000000000000e+02 3.725256919312288327e-03 1.220492360803971874e-03 6.424834389166747149e-04 1.808857545576234558e-04
1.390000000000000000e+02 3.780844103994555373e-03 1.039671008335336152e-03 6.392629940228178667e-04 1.982632677488531815e-04
1.395000000000000000e+02 4.162800646319564195e-03 1.137560228513690959e-03 4.547115654017613840e-04 1.748127192372832760e-04
1.400000000000000000e+02 3.466375917630974517e-03 9.645904655845384578e-04 4.781766928838326902e-04 1.772654999162882070e-04
1.405000000000000000e+02 3.182353014608924058e-03 1.035342024280562229e-03 5.003297355538695356e-04 1.880142930328173776e-04
1.410000000000000000e+02 3.732126216099117006e-03 1.043617890037812270e-03 5.972413005378438347e-04 2.097631586748154107e-04
1.415000000000000000e+02 2.993108519828893005e-03 1.413007809777274077e-03 5.775221164666722619e-04 1.757821174978005298e-04
1.420000000000000000e+02 3.074638901997284353e-03 1.484023993753730026e-03 7.041506342759937731e-04 1.766116035330400527e-04
1.425000000000000000e+02 2.450505051158242964e-03 1.779569680808384437e-03 6.872590581716726257e-04 1.660459353837391604e-04
1.430000000000000000e+02 2.078920599017614751e-03 1.665132130438714674e-03 7.794221808542269861e-04 1.825058327612506250e-04
1.435000000000000000e+02 1.807677487097456275e-03 1.956918718399243938e-03 8.312394320629778446e-04 1.779421196998741427e-04
1.440000000000000000e+02 2.024279165829108180e-03 1.564442513355290224e-03 9.222648490881798708e-04 1.856476207876184064e-04
1.445000000000000000e+02 2.079885837770079939e-03 1.631502324909885624e-03 9.140519840676866389e-04 1.781256173988995082e-04
1.450000000000000000e+02 1.755245837468031016e-03 1.425976642954389188e-03 8.707948675741880931e-04 1.795552106351162532e-04
1.455000000000000000e+02 1.864847445274769085e-03 1.468679288438253395e-03 8.493969407055614994e-04 1.897366192056519228e-04
1.460000000000000000e+02 1.600836736991742603e-03 1.181601493944889770e-03 8.518842182135820959e-04 2.388124782849278878e-04
1.465000000000000000e+02 1.630084772250135110e-03 1.253425221891373400e-03 7.903011524512550514e-04 2.519712482063754056e-04
1.470000000000000000e+02 1.747276793632160938e-03 1.219597706772983670e-03 7.268015641982140907e-04 2.289276594156736751e-04
1.475000000000000000e+02 2.158855190238524475e-03 1.288535010106860385e-03 8.104482684601141277e-04 2.532792068583457996e-04
1.480000000000000000e+02 4.583920686027691260e-03 1.170084924176926014e-03 7.007135431851432925e-04 2.397851813374320042e-04
1.485000000000000000e+02 5.873062919803458300e-03 1.248278014117005109e-03 6.461458015836370194e-04 2.575067166758376099e-04
1.490000000000000000e+02 5.140134195645760205e-03 1.133339117751877394e-03 6.473375190023762313e-04 2.189795223371432159e-04
1.495000000000000000e+02 5.876953245834781216e-03 1.046675951622348145e-03 6.943893053340406121e-04 2.392910484888991580e-04
1.500000000000000000e+02 4.840144784178421200e-03 9.097796910428147593e-04 6.179021360395727620e-04 1.789250984332119924e-04
1.505000000000000000e+02 5.732032372439569388e-03 8.424303243306150140e-04 6.102204638396035215e-04 1.652588130079831158e-04
1.510000000000000000e+02 4.597617087236804609e-03 7.327286643186761142e-04 6.031273334322235233e-04 1.547937821092351164e-04
1.515000000000000000e+02 5.461897685255097737e-03 7.344081259128188875e-04 4.656923882569990601e-04 1.414321131583311318e-04
1.520000000000000000e+02 2.227342099089848950e-03 7.569283905104374913e-04 4.550587299616414721e-04 1.374536221770027351e-04
1.525000000000000000e+02 1.554154356915663339e-03 1.141319100462425719e-03 5.920759625702201037e-04 1.342165996699061969e-04
1.530000000000000000e+02 1.412757497740209454e-03 1.091609337961858264e-03 5.512872438941528348e-04 1.369169132697904689e-04
1.535000000000000000e+02 1.729278213901585138e-03 1.243899615791986112e-03 5.419312057900831613e-04 1.504806330274399923e-04
1.540000000000000000e+02 1.927336939755792695e-03 9.937802811137664769e-04 5.149224067322320016e-04 1.564166983892037151e-04
1.545000000000000000e+02 2.275200268906902180e-03 1.125780798035877668e-03 4.985507835451985070e-04 1.633395772545443792e-04
1.550000000000000000e+02 2.187789135979819732e-03 1.187414754497093626e-03 4.299293781021120754e-04 1.709852394009134984e-04
1.555000000000000000e+02 2.693098951468829612e-03 1.421140674032626578e-03 4.777822579582782737e-04 1.819447609459788541e-04
1.560000000000000000e+02 2.782286151387724105e-03 1.835375918990831334e-03 5.182640010363776320e-04 1.815249656624833181e-04
1.565000000000000000e+02 3.128507677964762444e-03 1.808623949978696924e-03 3.970848612365309523e-04 1.769806312569438013e-04
1.570000000000000000e+02 3.000128723784658853e-03 1.692208597184451145e-03 4.386037863171101943e-04 1.732945580237624228e-04
1.575000000000000000e+02 3.630287472352281691e-03 1.748342799798100530e-03 4.412915734476990622e-04 1.712762190878750032e-04
1.580000000000000000e+02 4.235708277894159428e-03 1.934299986675124851e-03 5.219350296717448342e-04 1.770471158011011580e-04
1.585000000000000000e+02 3.909059468204546632e-03 2.007312166199696178e-03 5.473828694585891217e-04 1.742301823218849290e-04
1.590000000000000000e+02 4.372256409558505745e-03 1.840059835870521895e-03 6.310391821570507419e-04 1.667117444369291171e-04
1.595000000000000000e+02 3.811810937360514406e-03 1.693142468062085529e-03 6.385688690465284815e-04 1.700452255014038073e-04
1.600000000000000000e+02 3.790556472009803685e-03 1.209911387007882484e-03 6.297972657463722559e-04 1.937608320208674198e-04
1.605000000000000000e+02 3.202613758521910634e-03 8.368254847283004925e-04 6.657143510920823576e-04 1.850262018861804621e-04
1.610000000000000000e+02 3.457635329668224278e-03 1.042498028289757465e-03 6.158908550023743612e-04 1.980529391380314141e-04
1.615000000000000000e+02 2.885909335109218023e-03 9.173532627619739466e-04 5.785254973967483361e-04 1.767923065637783749e-04
1.620000000000000000e+02 2.613086315598964204e-03 8.271785640711680574e-04 5.224820618623916228e-04 1.738261601753330926e-04
1.625000000000000000e+02 2.300154589855150401e-03 7.706082931816338015e-04 4.811528983152559935e-04 1.632487231245831414e-04
1.630000000000000000e+02 2.615961341551011846e-03 8.684670081851705772e-04 4.376259667299180396e-04 1.915935179125326780e-04
1.635000000000000000e+02 2.206669324498230882e-03 8.732311563596677553e-04 4.399102350895049999e-04 1.806123450028761462e-04
1.640000000000000000e+02 2.689952814381775786e-03 9.918191336603626295e-04 4.560996245708520257e-04 1.817590951809079473e-04
1.645000000000000000e+02 2.097525353352460830e-03 8.997122606716914748e-04 4.757934731248634141e-04 1.672394116827604347e-04
1.650000000000000000e+02 2.242819028114241033e-03 1.052774628401774003e-03 5.421774528348746562e-04 2.280264473635383463e-04
1.655000000000000000e+02 2.093791094091773230e-03 1.146674800635209259e-03 5.742680452034786128e-04 2.441743487795161160e-04
1.660000000000000000e+02 2.065604740391930889e-03 1.350576341076026397e-03 5.514573610687213516e-04 2.585993079904911653e-04
1.665000000000000000e+02 2.142203828634935484e-03 1.425802616935493029e-03 5.585167683794897047e-04 2.542282553509071460e-04
1.670000000000000000e+02 2.517744054253061824e-03 2.048993464177736000e-03 5.030572893766685743e-04 2.416548253960386274e-04
1.675000000000000000e+02 2.492409789027690090e-03 1.543942150412483871e-03 5.267756911450679862e-04 2.386637619135773838e-04
1.680000000000000000e+02 2.844797871646446031e-03 1.838597579063250016e-03 4.558607704876416677e-04 2.098584828439270544e-04
1.685000000000000000e+02 2.853261399100641589e-03 1.607539662586264561e-03 4.463665702279941789e-04 2.282279698208519172e-04
1.690000000000000000e+02 2.941387209449852162e-03 1.768883918711528468e-03 3.309472705351408943e-04 1.706375062786020353e-04
1.695000000000000000e+02 2.699495835483696222e-03 1.343017316196606394e-03 2.830406796430834848e-04 1.539961944437340843e-04
1.700000000000000000e+02 2.737755738942711844e-03 1.735669260575562010e-03 3.324038659901488893e-04 1.409968911321048243e-04
1.705000000000000000e+02 2.617396625298016189e-03 1.284485965179476413e-03 3.109358575571252769e-04 1.490688017468206022e-04
1.710000000000000000e+02 1.941671253690987770e-03 1.068817081622772894e-03 3.663934549713766678e-04 1.479961208758289967e-04
1.715000000000000000e+02 2.310254488076497487e-03 1.038334397202990466e-03 3.805247172131080539e-04 1.678975667321889510e-04
1.720000000000000000e+02 1.848382655168266404e-03 1.073381440155129780e-03 4.319375871828985171e-04 1.794141187705880372e-04
1.725000000000000000e+02 1.943991576215191395e-03 1.071834014472583096e-03 4.254213243232595376e-04 1.738647983183325835e-04
1.730000000000000000e+02 1.752747117506162815e-03 1.091232064295878006e-03 4.795519861872115817e-04 1.735108548495359500e-04
1.735000000000000000e+02 2.062525468727635647e-03 1.096266513334803521e-03 5.748113030341636762e-04 1.575994996578859145e-04
1.740000000000000000e+02 2.465413606262055381e-03 1.045889038364937029e-03 5.416631148978171256e-04 1.655692900528558790e-04
1.745000000000000000e+02 2.328657678585308640e-03 1.225579461623139098e-03 5.856177339290209380e-04 1.683978954290420919e-04
1.750000000000000000e+02 2.731514061949196197e-03 1.047518249527706760e-03 5.492746925010797950e-04 1.983704938676618401e-04
1.755000000000000000e+02 2.521430062642020329e-03 1.180947778739726683e-03 6.414109495994837085e-04 2.092071730665448102e-04
1.760000000000000000e+02 2.627614829716483358e-03 1.019863264412561050e-03 5.322352837869575182e-04 1.889272441878684142e-04
1.765000000000000000e+02 3.121787698140139882e-03 1.152981849891895113e-03 5.427392700934968121e-04 1.972136534734741280e-04
1.770000000000000000e+02 2.838467382686158270e-03 1.231227517548261511e-03 5.145082403458761233e-04 1.942151310676703852e-04
1.775000000000000000e+02 3.341523663320531638e-03 1.366305368601923023e-03 5.105115078734773822e-04 2.305191938789140555e-04
1.780000000000000000e+02 3.483055269818090705e-03 1.317223816359486700e-03 4.702716236599857667e-04 2.098595750414449467e-04
1.785000000000000000e+02 4.546617426150488354e-03 1.776197161402594824e-03 5.362971481610407602e-04 2.087815352110797523e-04
1.790000000000000000e+02 4.492936754258406058e-03 1.671152180348613181e-03 5.625193004272193830e-04 1.853821512230447962e-04
1.795000000000000000e+02 4.199670178387045552e-03 1.724241232451990870e-03 5.418587879337880822e-04 1.695261047812391894e-04
1.800000000000000000e+02 4.134277790034514809e-03 1.661321278223285014e-03 5.546773480705274265e-04 1.670227320138011518e-04
1.805000000000000000e+02 3.663100789809717924e-03 1.744870745430878844e-03 6.167136154814154697e-04 1.811200273721021983e-04
1.810000000000000000e+02 4.023859172914500716e-03 1.462870440211054253e-03 5.884913711493545366e-04 1.670574850299943819e-04
1.815000000000000000e+02 3.499633041730538987e-03 1.587208653004629211e-03 5.830271451922437124e-04 1.688091129923428749e-04
1.820000000000000000e+02 2.971084859951890218e-03 1.460595678819371669e-03 5.393694660774873062e-04 1.491070807061195970e-04
1.825000000000000000e+02 1.949388750177096256e-03 1.095738056390313389e-03 5.011024605577751997e-04 1.876785937436382002e-04
1.830000000000000000e+02 2.394072370954630855e-03 1.046113894173048096e-03 4.308356297668405823e-04 1.927155598049591569e-04
1.835000000000000000e+02 4.837864457030926005e-03 1.032487777086057512e-03 4.728252896400884030e-04 2.130828332001571609e-04
1.840000000000000000e+02 4.744175323302004740e-03 1.076875849761342596e-03 3.526167912189187657e-04 1.812808580958161090e-04
1.845000000000000000e+02 5.304029544413398946e-03 1.115039923293497390e-03 4.061073942440352651e-04 1.998548631439039133e-04
1.850000000000000000e+02 5.088474368773598412e-03 1.266222227813220986e-03 3.563811818076407893e-04 1.708150637559209767e-04
1.855000000000000000e+02 5.273985726651803096e-03 1.225880575081932751e-03 4.271441314628503867e-04 1.835542909692376614e-04
1.860000000000000000e+02 5.633934352066799489e-03 1.082955378722612327e-03 3.662390715636602454e-04 1.740418732766126672e-04
1.865000000000000000e+02 5.713558034317664687e-03 1.042270248886108860e-03 4.315863872730082290e-04 1.945538749113748266e-04
1.870000000000000000e+02 5.716015076652731543e-03 8.000625146031914783e-04 4.615300177361712363e-04 1.329072836877360966e-04
1.875000000000000000e+02 3.182942309418853623e-03 8.918999049534382826e-04 4.902704817217158010e-04 1.365402416855340437e-04
1.880000000000000000e+02 3.429106922374056381e-03 7.900911619469724693e-04 6.413161552303805893e-04 1.509940186774832234e-04
1.885000000000000000e+02 3.084943795627011036e-03 1.052135907359134058e-03 6.521810796910451537e-04 1.695021386600493215e-04
1.890000000000000000e+02 3.686891221249797863e-03 9.078636858493268399e-04 6.751363131869360292e-04 1.693547418086722739e-04
1.895000000000000000e+02 3.578711908805702179e-03 1.029307279257636034e-03 7.359739449569040757e-04 1.995556792688102225e-04
1.900000000000000000e+02 4.075849546434147375e-03 1.018942410699234715e-03 7.502268643118799839e-04 1.758362943501407937e-04
1.905000000000000000e+02 3.369440920729927652e-03 1.224737923123913295e-03 8.825556535049804184e-04 1.842072474441041133e-04
1.910000000000000000e+02 3.364951869160530146e-03 1.443047410743704927e-03 7.920597345943455447e-04 2.035072214788026523e-04
1.915000000000000000e+02 3.168502851727364542e-03 1.456902652807650321e-03 8.368026937062147475e-04 2.580222414725999490e-04
1.920000000000000000e+02 3.111160631706332610e-03 1.667481255622894985e-03 6.664720582970770028e-04 2.220313435413525131e-04
1.925000000000000000e+02 3.151539401435559350e-03 1.237855899699109863e-03 6.798807790326919821e-04 2.265864066643513382e-04
1.930000000000000000e+02 2.730587981739820112e-03 1.233522397825722802e-03 6.120605748243453407e-04 1.998344878393614344e-04
1.935000000000000000e+02 2.357547417133395301e-03 9.121041650438158066e-04 5.700943072810569839e-04 2.134104145069091075e-04
1.940000000000000000e+02 1.872013589457024053e-03 1.041671592681198046e-03 5.504475852359658325e-04 1.970343961584919543e-04
1.945000000000000000e+02 2.601015503760029709e-03 8.241333817146860152e-04 5.288516464748258157e-04 2.348442270958604847e-04
1.950000000000000000e+02 3.114911619629481560e-03 6.773999029794534410e-04 6.608898306508100787e-04 2.664574987694908782e-04
1.955000000000000000e+02 3.851366920440454922e-03 6.038600975291579355e-04 6.339814050151711816e-04 2.089521337737808315e-04
1.960000000000000000e+02 4.894167740596339078e-03 5.844046851830956560e-04 6.273048711879418513e-04 2.256131605608893145e-04
1.965000000000000000e+02 4.533610033242372814e-03 6.716931587131510280e-04 6.263453292902113577e-04 2.341451190046270640e-04
1.970000000000000000e+02 5.053253858035909422e-03 8.652048891244873115e-04 6.508787656320589709e-04 2.699087915973165234e-04
1.975000000000000000e+02 4.742966480980800696e-03 8.971250027943690388e-04 6.569521537967223544e-04 2.321827098493782189e-04
1.980000000000000000e+02 5.887516389928219677e-03 1.156667138015990675e-03 7.343636014736527060e-04 2.811501627820482338e-04
1.985000000000000000e+02 4.960577960799766005e-03 1.222941212667242932e-03 8.413881036261269819e-04 2.435531818629710571e-04
1.990000000000000000e+02 5.143208805889002908e-03 1.434216519106807329e-03 5.872733779937670644e-04 2.073036219470961096e-04
1.995000000000000000e+02 4.313305142081586864e-03 1.577503875321587846e-03 7.110802431700919204e-04 1.809213016778247140e-04
2.000000000000000000e+02 3.367909497230577552e-03 1.531730608899124942e-03 6.487143989429977739e-04 2.012579365660198210e-04
2.005000000000000000e+02 3.203584904334362809e-03 1.622387365347300464e-03 8.055316813678908838e-04 1.772998058159794927e-04
2.010000000000000000e+02 2.926950356576286938e-03 1.339225938714670976e-03 6.770282411804471245e-04 1.878361501253587135e-04
2.015000000000000000e+02 3.360818127581645994e-03 1.459256753219824758e-03 8.016400557093752120e-04 1.677991877874810106e-04
2.020000000000000000e+02 2.772398568922057605e-03 1.225329449077820548e-03 6.301130432457319359e-04 1.724612509034840796e-04
2.025000000000000000e+02 2.612191125642651483e-03 1.227379774980043043e-03 5.344264389457882005e-04 1.419980229437123645e-04
2.030000000000000000e+02 2.255825061987579063e-03 9.114753711036891436e-04 5.191007672410834781e-04 1.529668752784322106e-04
2.035000000000000000e+02 1.927086165035750420e-03 8.508047586297255889e-04 4.497852207070138263e-04 1.498478683179133031e-04
2.040000000000000000e+02 1.938644198381567901e-03 6.991440396752626003e-04 4.387127824549728406e-04 1.652384314191057137e-04
2.045000000000000000e+02 1.600598818906116914e-03 6.947265877590648366e-04 4.098682716949961181e-04 1.319840150297980734e-04
2.050000000000000000e+02 1.469101291086055434e-03 7.011632816020015729e-04 4.142346068365609056e-04 1.223780491573057483e-04
2.055000000000000000e+02 1.179148331623768682e-03 7.204022658023395351e-04 3.569123312228578713e-04 1.325293708461349872e-04
2.060000000000000000e+02 1.408818258899725709e-03 5.996885469973041363e-04 3.724378543100557342e-04 1.379981618828770196e-04
2.065000000000000000e+02 1.641489519433918503e-03 7.045582484271215246e-04 4.551577111946356058e-04 1.439742796248604309e-04
2.070000000000000000e+02 1.303478257527159161e-03 6.413404331214662187e-04 4.044108901343380501e-04 1.521716664898432316e-04
2.075000000000000000e+02 1.484001424048007412e-03 8.300858182380161255e-04 4.488241906899891466e-04 1.605919738644108745e-04
2.080000000000000000e+02 1.344978021973874255e-03 9.274709550149066832e-04 4.085612555946598512e-04 1.764929511819750523e-04
2.085000000000000000e+02 1.620790755208213665e-03 9.402087956752879123e-04 3.625873403533344812e-04 1.590568046132698405e-04
2.090000000000000000e+02 2.600373336234000719e-03 1.144198395079505919e-03 3.723962771001983001e-04 1.933631470541861822e-04
2.095000000000000000e+02 2.941687732299933487e-03 1.191201558171622876e-03 3.749965475513821096e-04 1.693159255472697267e-04
2.100000000000000000e+02 2.966306753805480426e-03 1.229820896880343172e-03 3.836649759257328368e-04 1.939473712196672882e-04
2.105000000000000000e+02 2.738934654132410291e-03 1.005053342884728099e-03 2.956358550187666010e-04 1.524722338893457299e-04
2.110000000000000000e+02 2.785318254439996585e-03 1.144692720731322602e-03 3.689905029124131326e-04 1.874046688532657518e-04
2.115000000000000000e+02 3.099226832889755926e-03 1.074079965431155295e-03 5.113028886168777178e-04 1.624581240677557524e-04
2.120000000000000000e+02 3.562457413410020837e-03 1.002291283282341584e-03 5.906220971051579643e-04 2.080687668705015090e-04
2.125000000000000000e+02 4.360865752299521517e-03 9.251483180805169897e-04 6.784323040969824845e-04 2.271420426199392091e-04
