Time(s) Delta Theta Alpha Beta
3.000000000000000000e+00 1.340692197967844126e-02 5.419666250496793514e-03 1.321800934882337488e-03 5.669614786835675511e-04
3.500000000000000000e+00 1.209627870053247775e-02 5.174595064659935975e-03 1.239232021866680609e-03 5.269574210863532757e-04
4.000000000000000000e+00 1.218528754757297779e-02 5.199633122730188371e-03 1.264265334889736261e-03 5.163818753174230372e-04
4.500000000000000000e+00 1.302781319481224540e-02 5.324518320072475774e-03 1.288133401199330168e-03 4.993306504862305047e-04
5.000000000000000000e+00 1.397016195466891861e-02 5.602280528662868971e-03 1.292473572705770540e-03 4.818343722029073788e-04
5.500000000000000000e+00 1.477143939334261448e-02 5.784122772884405829e-03 1.325809562778381898e-03 4.815320666337299569e-04
6.000000000000000000e+00 1.561907955307357924e-02 5.803072978224813917e-03 1.378617044948654774e-03 4.748652998060150167e-04
6.500000000000000000e+00 1.606592187947939593e-02 5.775605652769408467e-03 1.406931724702065005e-03 4.664615935122151148e-04
7.000000000000000000e+00 1.664061910089818797e-02 5.710280116232384698e-03 1.438166830021586672e-03 4.542080843765442704e-04
7.500000000000000000e+00 1.688958094067870980e-02 5.633322334181664615e-03 1.451780737009501126e-03 4.438804278114786379e-04
8.000000000000000000e+00 1.715562403109873596e-02 5.536298783479550595e-03 1.470959766310003065e-03 4.361428104635606696e-04
8.500000000000000000e+00 1.679731602672656157e-02 5.411918483173096088e-03 1.463955751199318969e-03 4.317686814436794422e-04
9.000000000000000000e+00 1.640745855485091498e-02 5.232521795971506982e-03 1.447880428562140550e-03 4.298953227273833539e-04
9.500000000000000000e+00 1.567310329818129983e-02 4.980664030279580157e-03 1.414382360242197019e-03 4.216759883357030906e-04
1.000000000000000000e+01 1.489961072441606249e-02 4.744306467171010427e-03 1.386814434885782869e-03 4.157710502871516138e-04
1.050000000000000000e+01 1.439826204767089522e-02 4.593600273394935797e-03 1.357695601764035863e-03 4.112748844293665960e-04
1.100000000000000000e+01 1.410750350980537367e-02 4.509407094069538616e-03 1.361216282145843526e-03 4.126781841513567969e-04
1.150000000000000000e+01 1.381669025433873710e-02 4.413585146729260937e-03 1.350313329318945281e-03 4.118336711938476924e-04
1.200000000000000000e+01 1.365971609422257996e-02 4.350405464735573706e-03 1.347995715491901456e-03 4.142195580996138994e-04
1.250000000000000000e+01 1.365462062662554932e-02 4.272032226053429707e-03 1.341317719883580121e-03 4.144469567554542226e-04
1.300000000000000000e+01 1.366557361895578103e-02 4.221377397349766053e-03 1.346236515880838485e-03 4.155566448228705857e-04
1.350000000000000000e+01 1.373153373018093544e-02 4.157294997736860759e-03 1.341135739613352361e-03 4.185098819123817329e-04
1.400000000000000000e+01 1.376676891132031823e-02 4.159870987195820290e-03 1.342361019116434595e-03 4.228187906859622231e-04
1.450000000000000000e+01 1.376403257776713518e-02 4.150324938547485763e-03 1.338045893270324626e-03 4.271129977848952338e-04
1.500000000000000000e+01 1.359220643264665192e-02 4.115660786170998245e-03 1.319406927302330590e-03 4.284943923447957792e-04
1.550000000000000000e+01 1.350702407352337778e-02 4.129897623219063590e-03 1.300386965733865002e-03 4.310506432797092191e-04
1.600000000000000000e+01 1.332134511812747835e-02 4.124431045703856082e-03 1.288875543863289347e-03 4.336467014814445343e-04
1.650000000000000000e+01 1.307849772108055607e-02 4.190095596241835002e-03 1.287953596606638759e-03 4.371068881983764323e-04
1.700000000000000000e+01 1.281353834458743429e-02 4.217525493499922097e-03 1.286609517500997540e-03 4.405209983279592722e-04
1.750000000000000000e+01 1.257116196399496975e-02 4.304273062206155978e-03 1.292528563458756252e-03 4.442745921753333822e-04
1.800000000000000000e+01 1.231234537973106488e-02 4.376515392148250597e-03 1.290367904503985979e-03 4.456555480866125954e-04
1.850000000000000000e+01 1.205170899773253847e-02 4.429171062421886212e-03 1.289477228630008833e-03 4.456809911271442798e-04
1.900000000000000000e+01 1.179156882224447964e-02 4.470414446061343923e-03 1.285964447325719986e-03 4.443821168961603965e-04
1.950000000000000000e+01 1.151913141083093367e-02 4.493616755199638692e-03 1.283974507806855169e-03 4.428663939668094638e-04
2.000000000000000000e+01 1.125946924175409009e-02 4.517337825776810388e-03 1.279359534899833072e-03 4.404515542074704582e-04
2.050000000000000000e+01 1.101069993158482023e-02 4.499056137157823702e-03 1.268346543405103307e-03 4.370672341066575840e-04
2.100000000000000000e+01 1.077098988312259753e-02 4.485253870190880100e-03 1.255857205195068165e-03 4.324085995289383326e-04
2.150000000000000000e+01 1.053503793473734539e-02 4.442426174533101700e-03 1.237839874435470991e-03 4.255020284973292451e-04
2.200000000000000000e+01 1.032617229960311987e-02 4.371613981345187291e-03 1.222727498031718789e-03 4.188516446375872664e-04
2.250000000000000000e+01 1.015499151464351740e-02 4.302142599898378487e-03 1.212266995983356157e-03 4.129176025589881152e-04
2.300000000000000000e+01 9.998480986468412726e-03 4.255732418490006455e-03 1.205783102613917348e-03 4.078895024563047368e-04
2.350000000000000000e+01 9.861785644938456455e-03 4.218511122547539266e-03 1.197526099782015739e-03 4.033539747476830805e-04
2.400000000000000000e+01 9.756462283830176843e-03 4.187930492865549019e-03 1.191791808308096876e-03 3.992769117093432785e-04
2.450000000000000000e+01 9.644690638621567988e-03 4.151765153377486896e-03 1.184086390462990492e-03 3.954078793651936898e-04
2.500000000000000000e+01 9.549925739167939437e-03 4.123469580224402645e-03 1.175221810275559270e-03 3.915170723201667541e-04
2.550000000000000000e+01 9.457042800896976048e-03 4.089820003774074023e-03 1.167107695847620970e-03 3.878850832487539500e-04
2.600000000000000000e+01 9.376749083310445543e-03 4.060949981255543295e-03 1.158564962059452667e-03 3.840309111963059567e-04
2.650000000000000000e+01 9.262707599819121687e-03 4.031290372168553661e-03 1.144665848892166419e-03 3.798534248761641281e-04
2.700000000000000000e+01 9.181683159785571438e-03 3.992438108733169233e-03 1.128721109476554406e-03 3.752793336415418128e-04
2.750000000000000000e+01 9.106610506067135472e-03 3.940986519218372779e-03 1.114931722886733974e-03 3.706541649932528848e-04
2.800000000000000000e+01 9.017159514617061056e-03 3.882945838671381100e-03 1.100619177302930964e-03 3.660700619414364331e-04
2.850000000000000000e+01 8.929950072522971002e-03 3.829497738930752807e-03 1.087183248365531946e-03 3.617561332262058619e-04
2.900000000000000000e+01 8.845654666372900973e-03 3.775447236358420167e-03 1.074684280421704316e-03 3.576438007072012715e-04
2.950000000000000000e+01 8.756863937282937174e-03 3.730666139049079212e-03 1.061328424590992628e-03 3.536416446201506316e-04
3.000000000000000000e+01 8.669134224818627471e-03 3.682799810273006298e-03 1.049741187580792131e-03 3.499046817221227661e-04
3.050000000000000000e+01 8.597072902175382017e-03 3.634355195537609245e-03 1.038069983813494183e-03 3.464283159115251541e-04
3.100000000000000000e+01 8.512361630060133813e-03 3.583068326822450196e-03 1.028566005575121383e-03 3.433422936412928203e-04
3.150000000000000000e+01 8.419962883539539727e-03 3.533911774513206865e-03 1.017128157913865533e-03 3.401951778948157450e-04
3.200000000000000000e+01 8.322143992040457322e-03 3.484588977806573392e-03 1.007160099920063542e-03 3.371527035730089491e-04
3.250000000000000000e+01 8.233364053708239205e-03 3.437332128341936011e-03 9.961295166809680871e-04 3.339656653672948218e-04
3.300000000000000000e+01 8.137092317570086830e-03 3.390460079523946978e-03 9.860356356122086056e-04 3.309382703365513980e-04
3.350000000000000000e+01 8.050464951341840605e-03 3.343429153351029550e-03 9.768315540980845261e-04 3.281791281555435807e-04
3.400000000000000000e+01 7.966899450008550765e-03 3.297291672354420340e-03 9.688591759313110521e-04 3.256370249876516364e-04
3.450000000000000000e+01 7.898037221066188038e-03 3.253698294467134450e-03 9.606386651306678690e-04 3.227781641447877875e-04
3.500000000000000000e+01 7.818133586796449652e-03 3.211897359604927015e-03 9.525660214883482782e-04 3.199583665328870649e-04
3.550000000000000000e+01 7.744990336091631296e-03 3.175140444875764606e-03 9.442602831968757151e-04 3.173102607266739300e-04
3.600000000000000000e+01 7.668244216551760306e-03 3.138715902454747037e-03 9.363814564750785668e-04 3.150182931533189196e-04
3.650000000000000000e+01 7.600943207089576152e-03 3.106313081253956124e-03 9.293652759204312818e-04 3.128978028721115905e-04
3.700000000000000000e+01 7.536375820673039613e-03 3.077385432273749537e-03 9.227477432559092049e-04 3.111056112007342810e-04
3.750000000000000000e+01 7.481484372614699563e-03 3.047621782748686104e-03 9.160629643183902616e-04 3.090684117182301090e-04
3.800000000000000000e+01 7.413688580173565315e-03 3.019570140203963523e-03 9.093812467999114668e-04 3.071512311907714701e-04
3.850000000000000000e+01 7.338594659931839577e-03 2.992207165336467807e-03 9.029985601578288841e-04 3.053768866545761469e-04
3.900000000000000000e+01 7.265562654586664101e-03 2.965898071286378508e-03 8.968387609358996395e-04 3.039114937521194019e-04
3.950000000000000000e+01 7.201552360623644615e-03 2.939747880025170724e-03 8.904772810492667372e-04 3.025238831000620068e-04
4.000000000000000000e+01 7.138190696802006706e-03 2.914685919116161410e-03 8.845024164695353000e-04 3.009552857259528203e-04
4.050000000000000000e+01 7.080389339380282858e-03 2.887641878559284603e-03 8.780191588590614956e-04 2.994059693135258586e-04
4.100000000000000000e+01 7.016267829692487967e-03 2.859505416507920634e-03 8.715847055090720705e-04 2.979021976132691270e-04
4.150000000000000000e+01 6.952055748351107164e-03 2.832945674724030895e-03 8.646192249471437675e-04 2.965429980737443734e-04
4.200000000000000000e+01 6.889919103455753070e-03 2.807952843843631967e-03 8.587220916531903767e-04 2.952341088948940372e-04
4.250000000000000000e+01 6.832908523909430112e-03 2.784407456655087904e-03 8.532674387999050498e-04 2.940539721743392525e-04
4.300000000000000000e+01 6.777878993055613636e-03 2.762062806391282332e-03 8.491381991858895032e-04 2.931137643290857107e-04
4.350000000000000000e+01 6.720901205260606734e-03 2.737930860267490888e-03 8.465201861036846746e-04 2.920783421552894301e-04
4.400000000000000000e+01 6.661953182313862763e-03 2.713760102552543671e-03 8.435138970448618394e-04 2.912177572277529678e-04
4.450000000000000000e+01 6.605531165965135287e-03 2.691635157924358434e-03 8.410407748381783580e-04 2.902316437767006293e-04
4.500000000000000000e+01 6.550148387145334448e-03 2.669844749752326406e-03 8.379677297955905046e-04 2.889722773506319059e-04
4.550000000000000000e+01 6.503934173528107092e-03 2.649497302412972058e-03 8.361982737999933309e-04 2.877564973925526696e-04
4.600000000000000000e+01 6.455878968048648150e-03 2.629789039027631385e-03 8.330162960969479669e-04 2.866219518239357823e-04
4.650000000000000000e+01 6.409464378001117520e-03 2.608296998789950017e-03 8.316373070806202432e-04 2.854902750541156117e-04
4.700000000000000000e+01 6.360593863392795082e-03 2.587636101625190831e-03 8.292930681581491990e-04 2.840982672231873608e-04
4.750000000000000000e+01 6.315247888274486479e-03 2.566987077351047183e-03 8.263572256169275957e-04 2.828002272344567179e-04
4.800000000000000000e+01 6.271778590513344374e-03 2.549138473369222131e-03 8.245220889826556125e-04 2.814833722305649629e-04
4.850000000000000000e+01 6.235025478538593242e-03 2.532465372544383166e-03 8.229059820633580127e-04 2.803271119146877235e-04
4.900000000000000000e+01 6.192692736864611504e-03 2.515176309982501950e-03 8.226724038816150960e-04 2.792432048046204025e-04
4.950000000000000000e+01 6.152733852072975185e-03 2.497493892532008306e-03 8.208993541259907269e-04 2.781884417494160321e-04
5.000000000000000000e+01 6.113631562175095117e-03 2.477595557009477142e-03 8.208536007295110263e-04 2.770997263986214811e-04
5.050000000000000000e+01 6.085218240502756476e-03 2.460862537334457603e-03 8.190291674834460382e-04 2.759842112369770262e-04
5.100000000000000000e+01 6.057889628910209830e-03 2.445642923033685984e-03 8.187205272388662757e-04 2.750272807278244039e-04
5.150000000000000000e+01 6.032114192030243148e-03 2.430780135640788105e-03 8.170567549701256193e-04 2.738495262886437415e-04
5.200000000000000000e+01 6.002124474906135425e-03 2.415524387383797406e-03 8.159502706237324815e-04 2.727763086782617353e-04
5.250000000000000000e+01 5.969628066177056283e-03 2.399700662803524575e-03 8.134741521375727334e-04 2.715937585489763308e-04
5.300000000000000000e+01 5.946043837978672378e-03 2.386817659520329253e-03 8.118704524330282342e-04 2.707075848770751250e-04
5.350000000000000000e+01 5.927086047039045215e-03 2.372302181626408969e-03 8.105683164240601399e-04 2.697953007243885618e-04
5.400000000000000000e+01 5.911910782908692992e-03 2.364700401328473454e-03 8.108517001352965464e-04 2.689301683610199108e-04
5.450000000000000000e+01 5.892994742474912638e-03 2.360766329376858940e-03 8.094642402297676925e-04 2.680055410053145824e-04
5.500000000000000000e+01 5.872612621756268143e-03 2.354286054601851391e-03 8.083996074728104541e-04 2.672560687013799297e-04
5.550000000000000000e+01 5.849306209335718328e-03 2.349804879330874650e-03 8.069884146720328420e-04 2.664394994286949482e-04
5.600000000000000000e+01 5.834710775467011681e-03 2.343518211820771590e-03 8.072556776684136756e-04 2.657462145458095305e-04
5.650000000000000000e+01 5.820313236576632986e-03 2.337912394597634665e-03 8.063405692613445598e-04 2.650031493154411254e-04
5.700000000000000000e+01 5.801837020838545092e-03 2.330725585101089611e-03 8.059517585910510413e-04 2.642894737570639779e-04
5.750000000000000000e+01 5.778143175246399331e-03 2.327531848184440522e-03 8.040019474892714374e-04 2.633041649141713608e-04
5.800000000000000000e+01 5.749778679525275986e-03 2.320425714757911369e-03 8.022534438949415880e-04 2.625152469294042817e-04
5.850000000000000000e+01 5.721271271236228785e-03 2.308629286840326641e-03 7.995927387345993283e-04 2.616285899882557562e-04
5.900000000000000000e+01 5.691957426537377560e-03 2.296676498658100155e-03 7.974681682223897557e-04 2.609036139172525299e-04
5.950000000000000000e+01 5.667280654643431712e-03 2.284205255994521244e-03 7.942149451484149456e-04 2.600151103337194794e-04
6.000000000000000000e+01 5.638256970101428352e-03 2.274071269125189053e-03 7.909981321276833652e-04 2.593533291806116785e-04
6.050000000000000000e+01 5.605810057757903628e-03 2.263178299707351623e-03 7.875993155227838365e-04 2.585866634247275826e-04
6.100000000000000000e+01 5.574536169778438431e-03 2.252337508451010117e-03 7.843669760784702108e-04 2.578437258469640269e-04
6.150000000000000000e+01 5.541222610104875636e-03 2.239162974024904405e-03 7.818619375059965683e-04 2.572273096223826462e-04
6.200000000000000000e+01 5.507200632815455708e-03 2.226921996216425087e-03 7.795426077958754084e-04 2.567431297289399163e-04
6.250000000000000000e+01 5.473555159410095107e-03 2.214708158376517324e-03 7.775354572788104003e-04 2.562669293768979795e-04
6.300000000000000000e+01 5.440598812376336822e-03 2.203471534850779800e-03 7.758871188953380803e-04 2.556676390790228325e-04
6.350000000000000000e+01 5.413772088311919264e-03 2.191718835829229231e-03 7.749779576388453285e-04 2.550728705543454759e-04
6.400000000000000000e+01 5.386600990452334800e-03 2.179318711757929471e-03 7.737490324020967472e-04 2.544801625237380822e-04
6.450000000000000000e+01 5.360935026971516866e-03 2.166687407301899713e-03 7.724984920495868825e-04 2.538261926677707540e-04
6.500000000000000000e+01 5.336969375097946194e-03 2.154483784759426718e-03 7.714604924435708010e-04 2.534163015870846388e-04
6.550000000000000000e+01 5.317456410581950302e-03 2.143472950165180909e-03 7.701829624782093346e-04 2.529160596943727112e-04
6.600000000000000000e+01 5.300130162381852007e-03 2.132899302569013847e-03 7.683004499919924256e-04 2.524954117025613527e-04
6.650000000000000000e+01 5.282973920769344287e-03 2.123502031036250595e-03 7.663133210357667841e-04 2.519986280000079213e-04
6.700000000000000000e+01 5.265695549818330545e-03 2.114811082839046681e-03 7.647598949627951170e-04 2.516392547084039528e-04
6.750000000000000000e+01 5.243856569279691827e-03 2.106172212202866295e-03 7.628760204258146910e-04 2.513881371067509872e-04
6.800000000000000000e+01 5.219311913248813294e-03 2.098207866606798845e-03 7.614072262685601727e-04 2.511283426426863985e-04
6.850000000000000000e+01 5.196778042869437154e-03 2.090495076914258323e-03 7.595530557629721988e-04 2.508855910972966055e-04
6.900000000000000000e+01 5.174336786500440162e-03 2.082862389536629943e-03 7.580042018941025124e-04 2.504542193348057409e-04
6.950000000000000000e+01 5.150985030844351664e-03 2.074406383952910691e-03 7.563739394266969862e-04 2.500298788927569947e-04
7.000000000000000000e+01 5.131426550370492799e-03 2.065309939068217266e-03 7.553753310642186527e-04 2.495357269684534817e-04
7.050000000000000000e+01 5.113635932478342860e-03 2.054791002069677585e-03 7.550696972904243250e-04 2.490354963987835590e-04
7.100000000000000000e+01 5.094575299937594351e-03 2.043248682078271147e-03 7.544012480398323015e-04 2.487284217033351556e-04
7.150000000000000000e+01 5.079413862558959658e-03 2.031903925157227137e-03 7.535735193571817215e-04 2.481490482435771820e-04
7.200000000000000000e+01 5.061559151734031786e-03 2.020368804008412181e-03 7.527712858523396893e-04 2.477084282516880931e-04
7.250000000000000000e+01 5.047962759960456132e-03 2.008944872235759235e-03 7.519192103184686770e-04 2.471312699102629659e-04
7.300000000000000000e+01 5.031206774967898754e-03 1.998975182490812449e-03 7.512619008691696562e-04 2.467182323873286644e-04
7.350000000000000000e+01 5.018564715524339963e-03 1.990058249647529056e-03 7.503234599113947807e-04 2.461490875766356992e-04
7.400000000000000000e+01 4.998578561551551835e-03 1.982750639515458522e-03 7.489947952606604981e-04 2.456947039935366661e-04
7.450000000000000000e+01 4.978913050602658957e-03 1.974637297707831484e-03 7.470704072037655675e-04 2.450926669996934641e-04
7.500000000000000000e+01 4.958023768167999466e-03 1.968621409042419553e-03 7.450387716117394055e-04 2.443713294008906332e-04
7.550000000000000000e+01 4.936373375333722412e-03 1.961969811907199931e-03 7.427324642553278285e-04 2.436498684297702048e-04
7.600000000000000000e+01 4.915544371295433625e-03 1.957157614784178594e-03 7.403901190731437647e-04 2.429404638102808194e-04
7.650000000000000000e+01 4.898347099249794091e-03 1.950943991814094516e-03 7.388445863079894657e-04 2.422880453534911806e-04
7.700000000000000000e+01 4.878579142154957152e-03 1.944685534851344020e-03 7.380858700256859133e-04 2.416376911947631045e-04
7.750000000000000000e+01 4.860910043792811795e-03 1.937043507541879022e-03 7.383580048850696105e-04 2.410923086030132491e-04
7.800000000000000000e+01 4.841935481589639163e-03 1.930408894666069521e-03 7.378865031678402816e-04 2.404202626336863428e-04
7.850000000000000000e+01 4.827949360598960196e-03 1.926247268930482773e-03 7.389136543352247885e-04 2.399042516330958288e-04
7.900000000000000000e+01 4.811198135404049989e-03 1.919859663519361955e-03 7.394769692650815865e-04 2.394887936093136765e-04
7.950000000000000000e+01 4.799248192981262796e-03 1.915245576902079591e-03 7.406674944890863713e-04 2.390744983455025138e-04
8.000000000000000000e+01 4.783345450844538396e-03 1.908142794114860716e-03 7.411740197127626066e-04 2.387522181631378715e-04
8.050000000000000000e+01 4.768899993441884366e-03 1.903116583558229786e-03 7.419309751013880008e-04 2.383317269791292853e-04
8.100000000000000000e+01 4.752487680119090070e-03 1.897979265495790008e-03 7.414416479664780180e-04 2.380050029180350989e-04
8.150000000000000000e+01 4.738051945791824267e-03 1.894191671232962806e-03 7.401123482267627646e-04 2.374827952486558411e-04
8.200000000000000000e+01 4.720118166781295949e-03 1.889196929996059000e-03 7.390073270888777596e-04 2.371428682358518942e-04
8.250000000000000000e+01 4.703998671927762595e-03 1.883032341902314815e-03 7.371587756081832751e-04 2.366929965362505358e-04
8.300000000000000000e+01 4.693920698086080125e-03 1.878313367059617671e-03 7.347294471432212586e-04 2.362801328158136392e-04
8.350000000000000000e+01 4.681872560589426559e-03 1.872599064198720957e-03 7.323563652051053941e-04 2.357796693589504354e-04
8.400000000000000000e+01 4.672898295466670210e-03 1.868057184413999053e-03 7.303200802438904312e-04 2.352747444256493494e-04
8.450000000000000000e+01 4.659831917104834478e-03 1.863389763242586554e-03 7.287149162937953855e-04 2.348081118507619480e-04
8.500000000000000000e+01 4.650797476870434551e-03 1.858793460294273477e-03 7.279212504521884739e-04 2.343175617722957822e-04
8.550000000000000000e+01 4.638120898645610966e-03 1.853563471116613515e-03 7.269709709373380849e-04 2.339032067825098297e-04
8.600000000000000000e+01 4.630682789498703072e-03 1.848303053713867264e-03 7.267366490713055623e-04 2.334880533491385678e-04
8.650000000000000000e+01 4.617993039182787147e-03 1.842599152584849806e-03 7.262248600742758284e-04 2.331225597308619695e-04
8.700000000000000000e+01 4.602873360044217911e-03 1.837318565806969747e-03 7.265281695914278630e-04 2.327292221740850789e-04
8.750000000000000000e+01 4.588495260219695344e-03 1.832432683734399768e-03 7.270642384016700720e-04 2.324789387277309300e-04
8.800000000000000000e+01 4.575233766777227380e-03 1.828182378700790589e-03 7.275355608903383720e-04 2.322132963780561786e-04
8.850000000000000000e+01 4.563883069869703255e-03 1.824567968871071725e-03 7.274351842542932638e-04 2.319420453960383108e-04
8.900000000000000000e+01 4.553024466411100847e-03 1.820077945626351985e-03 7.271677656806892339e-04 2.316630747029092038e-04
8.950000000000000000e+01 4.540975629188132197e-03 1.815879088504744826e-03 7.271160092866427258e-04 2.313321596129414351e-04
9.000000000000000000e+01 4.529412068892579163e-03 1.811244881791102858e-03 7.262480509704395421e-04 2.309775086902068409e-04
9.050000000000000000e+01 4.517586815314868220e-03 1.806879578751464455e-03 7.256838816060859560e-04 2.305415248299636823e-04
9.100000000000000000e+01 4.506998977104620212e-03 1.802007926196978272e-03 7.252452178654742636e-04 2.301497595359378555e-04
9.150000000000000000e+01 4.491355447683060588e-03 1.796476759510748540e-03 7.250351205399254394e-04 2.295889416145036521e-04
9.200000000000000000e+01 4.476622315650701303e-03 1.790448434830738730e-03 7.247541581534340136e-04 2.290725385826312434e-04
9.250000000000000000e+01 4.461296113182942197e-03 1.783448815325324160e-03 7.252214254071729900e-04 2.284678576573788119e-04
9.300000000000000000e+01 4.448528865159949094e-03 1.777348811362056092e-03 7.250664759594027632e-04 2.280071890228874175e-04
9.350000000000000000e+01 4.435185413210878183e-03 1.771288923483745189e-03 7.249335771423794398e-04 2.275947478819455175e-04
9.400000000000000000e+01 4.424027749530233533e-03 1.765627711624107596e-03 7.251746567938780526e-04 2.273173907518725285e-04
9.450000000000000000e+01 4.411195133259116115e-03 1.760224877362293831e-03 7.255435262522044000e-04 2.270271231324801303e-04
9.500000000000000000e+01 4.399215993356217318e-03 1.754251817968663796e-03 7.255443018106935748e-04 2.267396742780400582e-04
9.550000000000000000e+01 4.387582521085143898e-03 1.749839815330241251e-03 7.246918099430689573e-04 2.264051101315881192e-04
9.600000000000000000e+01 4.377278981407181288e-03 1.744869167427807316e-03 7.240873198262801460e-04 2.261416517494737146e-04
9.650000000000000000e+01 4.364757929827827072e-03 1.740985293125572224e-03 7.235089565218961799e-04 2.259372293391489648e-04
9.700000000000000000e+01 4.350808953099825037e-03 1.735847152667381339e-03 7.235403105667901139e-04 2.257214252380433889e-04
9.750000000000000000e+01 4.336774804425278830e-03 1.731245400528877388e-03 7.232495408203220384e-04 2.253801458226135197e-04
9.800000000000000000e+01 4.323394417734549577e-03 1.726374193193323673e-03 7.233014876493509999e-04 2.249738318331610842e-04
9.850000000000000000e+01 4.311207411219459586e-03 1.721532935427479627e-03 7.233196422060458744e-04 2.244840275661423763e-04
9.900000000000000000e+01 4.299216588511772102e-03 1.716845257640075119e-03 7.231694310903472988e-04 2.240370551688495877e-04
9.950000000000000000e+01 4.286715238813939080e-03 1.711601273297550267e-03 7.233096442317159301e-04 2.236207732624386217e-04
1.000000000000000000e+02 4.274248315455824246e-03 1.706827036105122318e-03 7.234285592977864965e-04 2.233265234392370867e-04
1.005000000000000000e+02 4.262670402593481643e-03 1.701991340157979395e-03 7.234626699953038316e-04 2.230241954048939237e-04
1.010000000000000000e+02 4.252630265697062741e-03 1.697335273327145976e-03 7.224777235337331589e-04 2.227139398284697482e-04
1.015000000000000000e+02 4.245722315004291265e-03 1.692831532265979665e-03 7.215760872194941370e-04 2.224288099390824556e-04
1.020000000000000000e+02 4.238860218312526587e-03 1.688873221247399331e-03 7.201195962291125985e-04 2.221992249198079218e-04
1.025000000000000000e+02 4.239432680994701177e-03 1.684662078855256057e-03 7.188598764995494505e-04 2.220035676196954364e-04
1.030000000000000000e+02 4.246481811259065868e-03 1.682418028977626916e-03 7.178497359687141446e-04 2.218154767073663065e-04
1.035000000000000000e+02 4.251045745257360335e-03 1.679194204463558453e-03 7.168527831330354441e-04 2.215664580924008443e-04
1.040000000000000000e+02 4.259795656151449394e-03 1.676171766884586821e-03 7.161660568232848609e-04 2.212634248138868934e-04
1.045000000000000000e+02 4.268438408612754142e-03 1.672054445540991979e-03 7.148829749492785534e-04 2.208768561496339663e-04
1.050000000000000000e+02 4.278360770151403737e-03 1.668853502937118474e-03 7.145808987906160760e-04 2.205506969015972967e-04
1.055000000000000000e+02 4.291273728240579781e-03 1.665441461623500203e-03 7.140994517488480136e-04 2.202534687110144522e-04
1.060000000000000000e+02 4.304925466782317904e-03 1.661536356886607422e-03 7.146051421564293075e-04 2.199150294887972795e-04
1.065000000000000000e+02 4.311820839124412379e-03 1.658087252710460126e-03 7.148199639893531871e-04 2.196533331424053916e-04
1.070000000000000000e+02 4.313173609946091037e-03 1.654198302819411643e-03 7.149599155137755045e-04 2.194478708004841310e-04
1.075000000000000000e+02 4.315331501423730169e-03 1.650675810350852929e-03 7.155546845267981735e-04 2.192910751532362122e-04
1.080000000000000000e+02 4.316033371354716444e-03 1.647289036992023942e-03 7.156631117074073846e-04 2.191072080143214131e-04
1.085000000000000000e+02 4.312750801817983280e-03 1.644514534386858681e-03 7.162445959281073119e-04 2.189145581515059013e-04
1.090000000000000000e+02 4.311675408905162390e-03 1.644132797298552022e-03 7.160502085760188460e-04 2.186904511682807764e-04
1.095000000000000000e+02 4.303300475641316618e-03 1.643298554984417648e-03 7.161239924850425426e-04 2.184223663110182651e-04
1.100000000000000000e+02 4.293751697164547611e-03 1.643470463661995257e-03 7.153930030827640105e-04 2.182376192118473288e-04
1.105000000000000000e+02 4.283844401066914248e-03 1.643454356228949038e-03 7.150502096720580967e-04 2.179874546482071557e-04
1.110000000000000000e+02 4.271970099129965455e-03 1.642816508688096921e-03 7.148415590153468389e-04 2.176782220450743967e-04
1.115000000000000000e+02 4.260816022969294604e-03 1.641963504918193600e-03 7.142781226416280212e-04 2.173409782015732939e-04
1.120000000000000000e+02 4.249056176984643274e-03 1.641671063585094584e-03 7.138224132034055435e-04 2.171192753377382517e-04
1.125000000000000000e+02 4.239200357498511089e-03 1.641560098211095097e-03 7.131057054627803257e-04 2.168869540753911294e-04
1.130000000000000000e+02 4.227916147853787339e-03 1.639731082726472548e-03 7.123689771461073081e-04 2.166942090951891298e-04
1.135000000000000000e+02 4.216462776619930505e-03 1.637188725204235347e-03 7.115166737070522046e-04 2.165094636813993034e-04
1.140000000000000000e+02 4.206284781531950505e-03 1.635242081245824597e-03 7.107978677586400005e-04 2.162799389943817821e-04
1.145000000000000000e+02 4.195943183125652384e-03 1.632421236384244646e-03 7.095005894650152720e-04 2.160533917982956160e-04
1.150000000000000000e+02 4.185805685643305928e-03 1.630787398061170476e-03 7.078460301557365627e-04 2.158847448768223679e-04
1.155000000000000000e+02 4.175444648482087850e-03 1.628912730330822015e-03 7.059784416138647350e-04 2.157299960429897396e-04
1.160000000000000000e+02 4.164378013095390921e-03 1.628154842617926317e-03 7.041339199334806448e-04 2.155157783649610257e-04
1.165000000000000000e+02 4.153164639438269683e-03 1.626984511229966502e-03 7.025003375028839297e-04 2.153159047656396817e-04
1.170000000000000000e+02 4.143831798178207286e-03 1.625348578591285327e-03 7.011657868996225155e-04 2.150879845267264566e-04
1.175000000000000000e+02 4.135218172066063187e-03 1.623977693478200618e-03 6.995507448713920605e-04 2.147999502592540168e-04
1.180000000000000000e+02 4.128969468489846438e-03 1.622640551105912488e-03 6.982654914756931475e-04 2.144966983270528145e-04
1.185000000000000000e+02 4.121153325822086121e-03 1.621461230795350535e-03 6.969030896575510422e-04 2.141666986216998335e-04
1.190000000000000000e+02 4.116157707510979986e-03 1.619443734771580526e-03 6.958233954980606612e-04 2.138464027811643364e-04
1.195000000000000000e+02 4.108174711189120643e-03 1.617143789367401011e-03 6.945439259603901176e-04 2.134759945299317951e-04
1.200000000000000000e+02 4.104458328458286676e-03 1.613963360646297057e-03 6.933900556065332671e-04 2.131516763131250432e-04
1.205000000000000000e+02 4.099276867349380474e-03 1.610713335580375282e-03 6.918477236175434811e-04 2.127724657666168323e-04
1.210000000000000000e+02 4.096823305551539236e-03 1.608409518518908463e-03 6.905707529199464926e-04 2.125021722107565524e-04
1.215000000000000000e+02 4.090798558689147553e-03 1.605638114415944328e-03 6.896966849904333577e-04 2.122953112982087405e-04
1.220000000000000000e+02 4.084185768155489463e-03 1.603478027013670792e-03 6.896243193740773242e-04 2.121253701205947555e-04
1.225000000000000000e+02 4.075113226863472451e-03 1.600321241406385151e-03 6.895090509316769952e-04 2.120138872030559397e-04
1.230000000000000000e+02 4.066616497418228462e-03 1.597829023950999216e-03 6.894559376245644206e-04 2.118423483584083180e-04
1.235000000000000000e+02 4.057326807089270404e-03 1.595070317308966293e-03 6.895090320717279109e-04 2.117772345418115251e-04
1.240000000000000000e+02 4.048230318399870589e-03 1.593038579372787773e-03 6.895631315695199522e-04 2.117496715041163719e-04
1.245000000000000000e+02 4.037562352837416151e-03 1.590171961376735848e-03 6.898419479468378447e-04 2.119575493551521383e-04
1.250000000000000000e+02 4.027612258471672743e-03 1.588103835771406723e-03 6.897589374863401365e-04 2.121684108082177306e-04
1.255000000000000000e+02 4.020629134177043998e-03 1.585361815079609901e-03 6.895450734550607856e-04 2.122694116040614999e-04
1.260000000000000000e+02 4.013186135583854224e-03 1.583239547056784161e-03 6.885990315645872323e-04 2.124319235021245847e-04
1.265000000000000000e+02 4.007541907554830647e-03 1.581955337935879924e-03 6.875853406673179203e-04 2.125325139517451802e-04
1.270000000000000000e+02 4.004314409741627050e-03 1.581448068207526704e-03 6.868826084623852815e-04 2.127288456775234518e-04
1.275000000000000000e+02 4.004516134679857176e-03 1.581339359372373188e-03 6.860492847506404835e-04 2.128401973104959331e-04
1.280000000000000000e+02 4.004513561470010585e-03 1.580527418838529371e-03 6.857172940681252864e-04 2.129263131314850432e-04
1.285000000000000000e+02 4.006440318258774370e-03 1.580294641862650803e-03 6.851997999087601574e-04 2.127872865190235481e-04
1.290000000000000000e+02 4.006298438215073754e-03 1.579032833881713425e-03 6.849355383206233352e-04 2.125984668614709909e-04
1.295000000000000000e+02 4.003322484721020397e-03 1.578246959076766952e-03 6.843713012336253079e-04 2.124397239023542965e-04
1.300000000000000000e+02 4.000247484230233345e-03 1.576417520334078438e-03 6.840497529273276318e-04 2.122664109099638683e-04
1.305000000000000000e+02 3.997315766165514261e-03 1.574449811121915411e-03 6.835853532376051905e-04 2.120487870456706065e-04
1.310000000000000000e+02 3.992731882503187946e-03 1.571973046318326942e-03 6.830948686489938561e-04 2.118561144156303844e-04
1.315000000000000000e+02 3.986849665425134040e-03 1.568748408589128260e-03 6.824084136454016932e-04 2.116587701458155139e-04
1.320000000000000000e+02 3.984009180785776268e-03 1.566571174577980653e-03 6.818894351364381424e-04 2.115423759015866607e-04
1.325000000000000000e+02 3.983910495991400957e-03 1.564557780279095299e-03 6.815046051355294534e-04 2.115249584782641942e-04
1.330000000000000000e+02 3.981525027745458356e-03 1.563592479737886936e-03 6.815676054052984857e-04 2.114030119388000007e-04
1.335000000000000000e+02 3.982294779628848397e-03 1.562618652721215612e-03 6.819758769537853345e-04 2.113830956897204351e-04
1.340000000000000000e+02 3.981793834474857234e-03 1.562650575808006157e-03 6.824244151410046319e-04 2.112781229818986098e-04
1.345000000000000000e+02 3.983214203903746864e-03 1.561467352314010624e-03 6.828108549190620331e-04 2.112993670941859655e-04
1.350000000000000000e+02 3.982439827377744386e-03 1.560802230853815687e-03 6.831358549964000387e-04 2.112463632355921341e-04
1.355000000000000000e+02 3.983021206656700217e-03 1.559996696530641016e-03 6.839178602903297826e-04 2.112438554630573630e-04
1.360000000000000000e+02 3.978584652192746277e-03 1.558901619187892922e-03 6.851189866099596055e-04 2.111186816175683438e-04
1.365000000000000000e+02 3.971506732567941719e-03 1.557573620366669740e-03 6.857470615977704015e-04 2.110168399445638940e-04
1.370000000000000000e+02 3.964351566706054986e-03 1.556720446225351310e-03 6.863152082728890113e-04 2.109434711417409395e-04
1.375000000000000000e+02 3.957130828772417556e-03 1.554769212472055040e-03 6.865192832385787680e-04 2.110332207229419416e-04
1.380000000000000000e+02 3.949615621871480596e-03 1.552864293275859914e-03 6.877773656749046208e-04 2.111192561759346956e-04
1.385000000000000000e+02 3.943732722581833917e-03 1.551206246798815178e-03 6.891748777737087247e-04 2.112488984045247996e-04
1.390000000000000000e+02 3.938087327296417237e-03 1.549650150132130975e-03 6.905611120881627709e-04 2.113080803974423422e-04
1.395000000000000000e+02 3.932030965366420903e-03 1.547678583593097273e-03 6.915977706740732362e-04 2.113969968950715175e-04
1.400000000000000000e+02 3.925974674415071142e-03 1.546049609887039820e-03 6.920427357202034273e-04 2.115300711161920393e-04
1.405000000000000000e+02 3.922702391726590535e-03 1.543936670278725628e-03 6.930128092146844217e-04 2.116089970002662103e-04
1.410000000000000000e+02 3.919151071266624604e-03 1.541864787651546628e-03 6.935700303031838059e-04 2.116556516188906466e-04
1.415000000000000000e+02 3.915606051151919800e-03 1.539721100477562657e-03 6.946091342313917387e-04 2.115664225725756998e-04
1.420000000000000000e+02 3.911600974041770304e-03 1.539379624407186337e-03 6.950878961821422165e-04 2.114221267349152423e-04
1.425000000000000000e+02 3.907463042315774057e-03 1.540238551841759986e-03 6.957429804438109442e-04 2.112862750725639116e-04
1.430000000000000000e+02 3.902764637810207833e-03 1.540598776637185563e-03 6.963346664377217986e-04 2.112067695546188649e-04
1.435000000000000000e+02 3.897545110672169869e-03 1.541586382260333151e-03 6.971054958474503941e-04 2.111287745661482424e-04
1.440000000000000000e+02 3.892532998176735475e-03 1.542037411869441772e-03 6.975688404347400035e-04 2.110605407387012948e-04
1.445000000000000000e+02 3.884867450896757179e-03 1.543187283600066075e-03 6.979431163702477705e-04 2.109830578267984263e-04
1.450000000000000000e+02 3.877344028030649866e-03 1.543086860118462501e-03 6.982036636445074001e-04 2.109725284740443638e-04
1.455000000000000000e+02 3.870274565288343415e-03 1.543554599780277243e-03 6.983682044904006249e-04 2.109368377976256551e-04
1.460000000000000000e+02 3.865142148486501103e-03 1.542438700196084849e-03 6.979082695405485317e-04 2.108659555254222624e-04
1.465000000000000000e+02 3.860681139560142010e-03 1.539578742600830434e-03 6.971849786225133190e-04 2.107838896299555633e-04
1.470000000000000000e+02 3.857766135909752089e-03 1.537122967512474358e-03 6.962226477241506041e-04 2.106872026915948017e-04
1.475000000000000000e+02 3.854419838309930575e-03 1.534796817453102551e-03 6.954931563627778047e-04 2.105912099816588140e-04
1.480000000000000000e+02 3.851605386215798191e-03 1.533049416779939207e-03 6.948721868015819312e-04 2.104606534223932204e-04
1.485000000000000000e+02 3.848243062961061167e-03 1.530758864282784999e-03 6.942520081582102386e-04 2.103253319395362721e-04
1.490000000000000000e+02 3.844538369625968496e-03 1.528599837517598302e-03 6.935966230264311097e-04 2.101677751999438777e-04
1.495000000000000000e+02 3.839576851800787383e-03 1.526397919005464477e-03 6.929529462726819996e-04 2.100282913186524852e-04
1.500000000000000000e+02 3.832961171932043002e-03 1.524244075187929353e-03 6.922854494946001271e-04 2.098963381427364379e-04
1.505000000000000000e+02 3.825223725535491920e-03 1.522474224346697909e-03 6.915591223420364687e-04 2.097979244870204767e-04
1.510000000000000000e+02 3.816102651158109239e-03 1.520890447668707445e-03 6.914023742924719400e-04 2.096608991651048896e-04
1.515000000000000000e+02 3.806937499719359463e-03 1.519128402245140423e-03 6.911294436834834699e-04 2.095251343052072928e-04
1.520000000000000000e+02 3.797960042544163903e-03 1.516995615794839748e-03 6.907190283491537654e-04 2.093469570901340454e-04
1.525000000000000000e+02 3.790600542532168368e-03 1.514894423631364066e-03 6.903614693470396533e-04 2.091971430599561031e-04
1.530000000000000000e+02 3.788520178437250734e-03 1.513859171807287792e-03 6.898916188378556190e-04 2.090115305654663663e-04
1.535000000000000000e+02 3.786714417058579998e-03 1.513374994812313095e-03 6.895317907123345389e-04 2.088427826689437784e-04
1.540000000000000000e+02 3.787086880675767826e-03 1.512844222517367113e-03 6.891255917132814131e-04 2.086593532546977467e-04
1.545000000000000000e+02 3.785641737211251426e-03 1.511956987443618255e-03 6.886858745302368258e-04 2.084949186322963301e-04
1.550000000000000000e+02 3.785388466406257139e-03 1.510850958731878389e-03 6.877949707396792140e-04 2.083757226037098156e-04
1.555000000000000000e+02 3.784663761980759916e-03 1.509793210257154294e-03 6.867712197244014083e-04 2.082688248127005399e-04
1.560000000000000000e+02 3.785231691007615289e-03 1.508763244711414315e-03 6.858014114228953070e-04 2.081799976078881574e-04
1.565000000000000000e+02 3.784130222078560101e-03 1.507901797967724092e-03 6.849302385364607016e-04 2.080673198205384728e-04
1.570000000000000000e+02 3.780688777031449097e-03 1.506867701522032581e-03 6.843247338190024598e-04 2.079841723102390815e-04
1.575000000000000000e+02 3.776697144845784105e-03 1.505061016576876402e-03 6.842106466906526172e-04 2.078672139956905327e-04
1.580000000000000000e+02 3.772417042872794422e-03 1.503460817740292230e-03 6.840683354375294480e-04 2.077625260229385123e-04
1.585000000000000000e+02 3.767996904408416232e-03 1.501700385125324770e-03 6.841184704205330921e-04 2.077077520106971307e-04
1.590000000000000000e+02 3.763102068558588434e-03 1.499893570705381580e-03 6.843228034305334859e-04 2.075784308523803679e-04
1.595000000000000000e+02 3.758514879244953880e-03 1.498053174172883639e-03 6.843309384947401756e-04 2.074240673641005155e-04
1.600000000000000000e+02 3.754676289667230934e-03 1.496312055142433014e-03 6.845666472326421064e-04 2.072707199184992035e-04
1.605000000000000000e+02 3.751237791743268751e-03 1.494368570462378766e-03 6.845056259157412948e-04 2.071395855713112041e-04
1.610000000000000000e+02 3.746326193113764906e-03 1.492325148689859545e-03 6.843646222250485264e-04 2.069735963694097189e-04
1.615000000000000000e+02 3.740288264027356434e-03 1.489626276212471919e-03 6.836759513028124735e-04 2.067486990680596855e-04
1.620000000000000000e+02 3.735383697829978804e-03 1.487304261998318713e-03 6.834067105421034625e-04 2.065671421890064214e-04
1.625000000000000000e+02 3.729763486945131875e-03 1.485231106773102563e-03 6.829159638700902724e-04 2.063442195857559250e-04
1.630000000000000000e+02 3.727788435622126587e-03 1.486869111800676393e-03 6.829724963340466767e-04 2.061899159277421126e-04
1.635000000000000000e+02 3.739046572860717840e-03 1.490245127134710813e-03 6.829588013378984921e-04 2.060818584661518920e-04
1.640000000000000000e+02 3.753785680015658301e-03 1.494236012645335865e-03 6.833011598868126476e-04 2.059861358355959615e-04
1.645000000000000000e+02 3.781507889254350635e-03 1.499256074055704737e-03 6.833546152635204193e-04 2.058895409159861359e-04
1.650000000000000000e+02 3.808304423920812285e-03 1.503588833187586129e-03 6.836236457054462078e-04 2.057664826625379701e-04
1.655000000000000000e+02 3.836033738625721761e-03 1.508818682832630377e-03 6.836417673413816478e-04 2.057005852201400744e-04
1.660000000000000000e+02 3.862506305322621711e-03 1.513678707322352020e-03 6.834757008549047219e-04 2.056144072854782249e-04
1.665000000000000000e+02 3.890132190520009196e-03 1.519079542934700456e-03 6.831192869392790218e-04 2.056141176472447703e-04
1.670000000000000000e+02 3.915724618110921589e-03 1.521123908890270864e-03 6.822203064877664647e-04 2.054721286563510085e-04
1.675000000000000000e+02 3.927706473021427142e-03 1.520594522499895459e-03 6.811358350041812806e-04 2.053320323691474204e-04
1.680000000000000000e+02 3.941415441767062364e-03 1.519870378015398919e-03 6.800109454563320289e-04 2.051715893919040478e-04
1.685000000000000000e+02 3.958037649887205869e-03 1.520480179428016117e-03 6.792630141109886818e-04 2.050875823345232776e-04
1.690000000000000000e+02 3.965487175065764147e-03 1.520096134506100562e-03 6.788181489642946534e-04 2.050576306809540473e-04
1.695000000000000000e+02 3.984296252763154175e-03 1.520465256307062954e-03 6.781468702038827160e-04 2.051039073932596696e-04
1.700000000000000000e+02 3.995012141246182327e-03 1.519952003722514896e-03 6.779306708881006980e-04 2.050896595857332140e-04
1.705000000000000000e+02 4.012880126632784906e-03 1.519803770158352800e-03 6.778589372637711932e-04 2.050897513161470604e-04
1.710000000000000000e+02 4.024285245941425053e-03 1.518920545587277605e-03 6.782939403007769716e-04 2.050890135993005468e-04
1.715000000000000000e+02 4.044225305564108121e-03 1.519899462422293285e-03 6.787426780477792470e-04 2.051681723952301559e-04
1.720000000000000000e+02 4.056577166275068813e-03 1.521002077208466431e-03 6.793592539446394445e-04 2.051859085850244726e-04
1.725000000000000000e+02 4.058006538553291659e-03 1.519638495187838022e-03 6.797947308482679219e-04 2.051817192807961921e-04
1.730000000000000000e+02 4.059999463801882216e-03 1.518932410106463076e-03 6.797729502080159317e-04 2.050856513169879247e-04
1.735000000000000000e+02 4.058214535831558036e-03 1.517773465941055092e-03 6.802150449670810216e-04 2.049390112467070000e-04
1.740000000000000000e+02 4.057135947521515150e-03 1.516847636307056728e-03 6.805039081500320088e-04 2.048369997601711496e-04
1.745000000000000000e+02 4.053814772510222660e-03 1.515218920649098874e-03 6.806367948672983718e-04 2.047766632097692673e-04
1.750000000000000000e+02 4.050676891957619326e-03 1.514492881843252812e-03 6.806523802367539901e-04 2.047382970660541733e-04
1.755000000000000000e+02 4.045733539168005523e-03 1.512551603324939486e-03 6.806790531076551071e-04 2.046143760121106245e-04
1.760000000000000000e+02 4.038958391114801615e-03 1.509856625180204222e-03 6.808448147999199198e-04 2.045285186273819162e-04
1.765000000000000000e+02 4.031105283470831115e-03 1.507310283187271146e-03 6.809281996999959298e-04 2.043990726770794619e-04
1.770000000000000000e+02 4.023440703047653604e-03 1.504905421042731237e-03 6.811090306674345753e-04 2.043503406239282130e-04
1.775000000000000000e+02 4.015079606818031110e-03 1.502297988676470648e-03 6.813835120715855788e-04 2.042539685161254780e-04
1.780000000000000000e+02 4.007166477572991943e-03 1.500147063624104752e-03 6.815188145254594395e-04 2.042162881690630588e-04
1.785000000000000000e+02 3.999891656609560336e-03 1.498218514320780138e-03 6.822716488108985892e-04 2.040517343525220849e-04
1.790000000000000000e+02 3.993038339547227110e-03 1.496362237729724140e-03 6.829194495051613221e-04 2.039048791411190119e-04
1.795000000000000000e+02 3.987841311221167542e-03 1.494336529555930545e-03 6.840891239510654784e-04 2.037409425526330001e-04
1.800000000000000000e+02 3.982563328963496796e-03 1.492265367189113748e-03 6.850159193754674393e-04 2.036306174069588918e-04
1.805000000000000000e+02 3.977805233562102007e-03 1.490781310104359126e-03 6.864123389724145503e-04 2.035057993327665457e-04
1.810000000000000000e+02 3.973795184406245067e-03 1.489525438060906566e-03 6.878526667072463498e-04 2.034366546245339235e-04
1.815000000000000000e+02 3.971432335843352694e-03 1.488309137382774804e-03 6.899526189035455701e-04 2.033653049642958973e-04
1.820000000000000000e+02 3.968609744941182203e-03 1.486977846786171134e-03 6.912965396926088434e-04 2.033208191699391548e-04
1.825000000000000000e+02 3.966492704532012005e-03 1.485547634453984831e-03 6.927320637955301048e-04 2.032424362174882276e-04
1.830000000000000000e+02 3.965323866510639915e-03 1.484428682466341996e-03 6.936898057755796609e-04 2.031727479118977772e-04
1.835000000000000000e+02 3.962961310227021243e-03 1.482938014774039899e-03 6.948221353216140449e-04 2.030905551203518488e-04
1.840000000000000000e+02 3.962550965945597393e-03 1.482140661719968814e-03 6.955525207959531268e-04 2.029901992788457914e-04
1.845000000000000000e+02 3.962745497439668606e-03 1.480783347134620367e-03 6.961469825905047554e-04 2.028750668977058924e-04
1.850000000000000000e+02 3.962464820691679289e-03 1.479727110887780420e-03 6.962814327257217748e-04 2.027173310341665404e-04
1.855000000000000000e+02 3.961072839555602500e-03 1.478239192066760181e-03 6.960718980491070133e-04 2.025312612276461660e-04
1.860000000000000000e+02 3.959791160598668744e-03 1.477100201855084151e-03 6.959499942500753508e-04 2.023596263609192861e-04
1.865000000000000000e+02 3.957713755413125138e-03 1.475582821342471705e-03 6.957009587509698336e-04 2.021995951968799210e-04
1.870000000000000000e+02 3.954509273980371525e-03 1.474207684214421396e-03 6.952311689309385043e-04 2.020467950312211105e-04
1.875000000000000000e+02 3.951788318749482887e-03 1.472831811008069479e-03 6.944092966675180240e-04 2.018792536603799149e-04
1.880000000000000000e+02 3.946022125754376948e-03 1.471462499978435810e-03 6.935041185647990982e-04 2.017536446320927594e-04
1.885000000000000000e+02 3.939575876337405268e-03 1.469659028686610492e-03 6.924845641634559072e-04 2.016714432354869968e-04
1.890000000000000000e+02 3.932401672076596064e-03 1.467563562036283686e-03 6.916272612033719713e-04 2.015987288830560335e-04
1.895000000000000000e+02 3.925903453367875044e-03 1.465897254724077845e-03 6.906612391088749183e-04 2.015370727547839734e-04
1.900000000000000000e+02 3.918763014190309972e-03 1.463787071636550238e-03 6.899082618823413693e-04 2.014563891186499031e-04
1.905000000000000000e+02 3.912052101511398310e-03 1.462191381029853774e-03 6.891413371948877827e-04 2.013911785284938920e-04
1.910000000000000000e+02 3.905293872120919971e-03 1.460868522970906096e-03 6.885036332894587741e-04 2.013151511042422705e-04
1.915000000000000000e+02 3.899706678932454273e-03 1.460110225023540523e-03 6.880318897021944855e-04 2.012660293859095252e-04
1.920000000000000000e+02 3.897411657974204566e-03 1.460281883583063609e-03 6.886604301222310279e-04 2.012211449230230350e-04
1.925000000000000000e+02 3.897324702505795477e-03 1.461279104237106800e-03 6.890933614437377841e-04 2.011507243581017225e-04
1.930000000000000000e+02 3.904690069711874018e-03 1.462822791178502611e-03 6.899075826664208830e-04 2.010914586968540489e-04
1.935000000000000000e+02 3.918086438705374423e-03 1.464910435250373110e-03 6.903075591129189705e-04 2.010508767303722014e-04
1.940000000000000000e+02 3.928769120055925629e-03 1.466386472132507430e-03 6.909925534113056872e-04 2.010109185916785543e-04
1.945000000000000000e+02 3.942915674015635800e-03 1.468533186559270801e-03 6.914622638129302697e-04 2.010070990309788198e-04
1.950000000000000000e+02 3.956886149095119667e-03 1.469750994999959514e-03 6.922377315731380668e-04 2.010169414883558245e-04
1.955000000000000000e+02 3.972821384731175381e-03 1.471170218898612504e-03 6.927133128767941003e-04 2.010271542460403092e-04
1.960000000000000000e+02 3.987330835766318866e-03 1.471300652591175364e-03 6.925958188536625619e-04 2.010213366585658374e-04
1.965000000000000000e+02 4.002359335273218514e-03 1.471425103298993871e-03 6.924070876523497065e-04 2.010121816535986904e-04
1.970000000000000000e+02 4.011816979201983033e-03 1.470492920207162966e-03 6.920754749398919971e-04 2.009885635710892177e-04
1.975000000000000000e+02 4.015695535728262648e-03 1.469236805738307738e-03 6.917640031954576645e-04 2.009341571164904427e-04
1.980000000000000000e+02 4.020921903923404227e-03 1.468111876389985781e-03 6.912496685217340729e-04 2.008781390358617457e-04
1.985000000000000000e+02 4.026188508866808055e-03 1.467102007667844517e-03 6.908663890044153180e-04 2.008067944899045445e-04
1.990000000000000000e+02 4.029542359606233352e-03 1.466666680834717747e-03 6.904100760575952516e-04 2.006925327956202675e-04
1.995000000000000000e+02 4.032541720664049867e-03 1.466100316920799411e-03 6.900985586350239735e-04 2.005992543374236618e-04
2.000000000000000000e+02 4.031833127825194298e-03 1.465494331881677867e-03 6.896711219612593332e-04 2.005351995233635735e-04
2.005000000000000000e+02 4.030032244177282792e-03 1.464250376069905742e-03 6.891173998178918431e-04 2.004448268621197426e-04
2.010000000000000000e+02 4.025715977820409734e-03 1.463189646421902274e-03 6.885926521223947362e-04 2.003862799659445945e-04
2.015000000000000000e+02 4.020449383098773782e-03 1.461720043030237262e-03 6.880531383705316062e-04 2.003020812917143481e-04
2.020000000000000000e+02 4.014671848313386589e-03 1.461040995228053219e-03 6.875094571012309915e-04 2.002627601957173982e-04
2.025000000000000000e+02 4.008439538313438889e-03 1.460141578771078892e-03 6.869102862898569415e-04 2.001586076506696400e-04
2.030000000000000000e+02 4.000646167347513514e-03 1.458296248265904997e-03 6.861929554563846569e-04 2.000732792322801681e-04
2.035000000000000000e+02 3.993623472842789193e-03 1.456365205896997632e-03 6.854774724405276543e-04 1.999352326728939073e-04
2.040000000000000000e+02 3.986933448489811058e-03 1.454742975983592743e-03 6.846984453163514712e-04 1.997880384407971276e-04
2.045000000000000000e+02 3.981147543266424019e-03 1.453385011046523902e-03 6.840015111208950106e-04 1.996258177076541251e-04
2.050000000000000000e+02 3.975640810474306494e-03 1.452050001589702847e-03 6.833400233935763013e-04 1.994695456052318356e-04
2.055000000000000000e+02 3.973373319565247190e-03 1.450988971613280561e-03 6.827830255612788541e-04 1.993032762638449838e-04
2.060000000000000000e+02 3.970578472620361898e-03 1.449649851378462207e-03 6.825628413538088355e-04 1.991658185322810800e-04
2.065000000000000000e+02 3.968335444276585924e-03 1.448710683381533625e-03 6.826353780049018065e-04 1.990237982124536218e-04
2.070000000000000000e+02 3.966328434774302365e-03 1.448254162961974158e-03 6.825126136546297425e-04 1.988997425947473796e-04
2.075000000000000000e+02 3.965715016256451779e-03 1.447963324163423779e-03 6.825226611680121260e-04 1.988310623722461831e-04
2.080000000000000000e+02 3.963682894525507108e-03 1.447651265506744080e-03 6.824185061305795700e-04 1.987810601192196948e-04
2.085000000000000000e+02 3.962261420508012000e-03 1.447017271891410739e-03 6.823939915017936423e-04 1.987200878411573570e-04
2.090000000000000000e+02 3.959986876748672335e-03 1.446862887840432831e-03 6.821952412109505426e-04 1.986298105398415421e-04
2.095000000000000000e+02 3.956720585867591795e-03 1.446540299899196471e-03 6.820408327527879193e-04 1.985611519565218133e-04
2.100000000000000000e+02 3.951988625971071881e-03 1.446238397516303158e-03 6.815156698383558398e-04 1.984646496483869274e-04
2.105000000000000000e+02 3.947769013268724939e-03 1.445096956025903722e-03 6.807760551761200905e-04 1.984374269185361513e-04
2.110000000000000000e+02 3.942804313976161316e-03 1.444109721571710647e-03 6.800771627477758281e-04 1.983943938752683229e-04
2.115000000000000000e+02 3.938045071572749724e-03 1.442978639797571185e-03 6.794432140996046424e-04 1.983682751129328778e-04
2.120000000000000000e+02 3.932646501630106088e-03 1.441868332643439499e-03 6.786733039140390887e-04 1.982733389829114876e-04
2.125000000000000000e+02 3.929333783096521787e-03 1.440698683908766663e-03 6.780822574809962583e-04 1.982205254453102644e-04
2.130000000000000000e+02 3.928653965873463508e-03 1.439809936966923764e-03 6.774698538650543878e-04 1.981605291355210301e-04
2.135000000000000000e+02 3.928894085273170085e-03 1.438686983128750069e-03 6.769008047913914342e-04 1.981594597066031044e-04
2.140000000000000000e+02 3.930104158109452850e-03 1.437919930471442476e-03 6.766326746062976179e-04 1.981656035031990318e-04
2.145000000000000000e+02 3.930690230645410461e-03 1.437239563156961480e-03 6.763975554655686376e-04 1.981128510350459182e-04
2.150000000000000000e+02 3.934524769433809209e-03 1.436833025630060131e-03 6.763826996421606159e-04 1.980855277769158105e-04
2.155000000000000000e+02 3.938865794147595502e-03 1.435935722912862764e-03 6.760945385995563613e-04 1.979965232268369177e-04
2.160000000000000000e+02 3.944196334856799914e-03 1.435667911102097259e-03 6.760128480774576848e-04 1.979314852864760561e-04
2.165000000000000000e+02 3.947486711973779462e-03 1.434971251208657121e-03 6.756462724709050120e-04 1.978236300215323600e-04
2.170000000000000000e+02 3.949046036590320510e-03 1.434146134561657465e-03 6.754600982554324505e-04 1.977660635238993468e-04
2.175000000000000000e+02 3.949295443456513934e-03 1.432862817839862697e-03 6.752573498603146179e-04 1.976399087684099667e-04
2.180000000000000000e+02 3.949256987493566899e-03 1.431910410363931851e-03 6.751292571656089102e-04 1.975170504806329655e-04
2.185000000000000000e+02 3.948750006393332047e-03 1.430843513456612516e-03 6.748143017781521981e-04 1.973693548147246123e-04
2.190000000000000000e+02 3.946455599368800873e-03 1.429604600296263553e-03 6.743715124068467692e-04 1.972013451740861026e-04
2.195000000000000000e+02 3.941925510932806249e-03 1.428716640429881883e-03 6.740435736680208938e-04 1.970489206128384996e-04
2.200000000000000000e+02 3.938555184463041897e-03 1.427712210266770827e-03 6.737175740783331573e-04 1.969066687337595587e-04
2.205000000000000000e+02 3.936727825548580126e-03 1.427493960940764842e-03 6.735111782684620680e-04 1.967694063300589409e-04
2.210000000000000000e+02 3.936395996264076963e-03 1.427147749349910602e-03 6.732652604703329505e-04 1.966235128194065594e-04
2.215000000000000000e+02 3.934575931778489487e-03 1.427211642030359927e-03 6.734729017886370833e-04 1.964979364047976279e-04
2.220000000000000000e+02 3.932979690169457684e-03 1.426853973646316628e-03 6.733291915067718836e-04 1.963611660823988772e-04
2.225000000000000000e+02 3.931102739024177478e-03 1.426547371426476829e-03 6.734994669056410324e-04 1.962529637184781792e-04
2.230000000000000000e+02 3.930634518607355535e-03 1.425932201122649982e-03 6.736748351274415673e-04 1.961606620935767338e-04
2.235000000000000000e+02 3.930136603503376486e-03 1.425184562763875560e-03 6.738807587872972828e-04 1.960589850139610071e-04
2.240000000000000000e+02 3.930392607676636875e-03 1.424126228137130882e-03 6.741321954918735870e-04 1.959574740616048800e-04
2.245000000000000000e+02 3.929565186831289469e-03 1.422656866932070626e-03 6.746327681591556295e-04 1.959003472714562928e-04
2.250000000000000000e+02 3.928462231251586209e-03 1.421360851962744478e-03 6.749964527205177308e-04 1.958215988326769078e-04
2.255000000000000000e+02 3.926570597975114624e-03 1.420120139837945236e-03 6.750693008470600841e-04 1.957304239925402938e-04
2.260000000000000000e+02 3.925982108124722453e-03 1.418979716534392050e-03 6.751046785169128412e-04 1.956267834181581319e-04
2.265000000000000000e+02 3.925246883617285534e-03 1.417635542134615617e-03 6.749829037121594369e-04 1.955661041857810597e-04
2.270000000000000000e+02 3.927090387450231888e-03 1.416351693530077055e-03 6.747907665781925071e-04 1.954763565896607772e-04
2.275000000000000000e+02 3.927413570602327798e-03 1.415133862545115686e-03 6.746227103317000828e-04 1.954526978877617793e-04
2.280000000000000000e+02 3.928711284874218494e-03 1.413949384885569661e-03 6.746807087321933603e-04 1.954324715750783796e-04
2.285000000000000000e+02 3.928686354007459441e-03 1.412637014221758977e-03 6.743712504999769880e-04 1.954304432415873585e-04
2.290000000000000000e+02 3.928944135847938120e-03 1.411006014368959170e-03 6.744043914396143135e-04 1.954077927053350021e-04
2.295000000000000000e+02 3.929078706409514128e-03 1.409169227383257452e-03 6.746748340079439764e-04 1.954406902196299714e-04
2.300000000000000000e+02 3.929277117312376943e-03 1.407325212793777243e-03 6.750063193961070235e-04 1.954750049841848529e-04
2.305000000000000000e+02 3.929147051158776889e-03 1.405804843956358005e-03 6.755311080062928681e-04 1.955029797976707174e-04
