1.5562460549679238
2.0363204560359955
2.1970149670611576
1.9553766179556025
1.4573607493902723
1.2186868850379533
1.6434269776741008
1.9144622628746997
1.9360499163273812
1.3988662342493643
1.379851493067427
1.6692443151813676
2.2217464153641977
2.2530659203504064
1.902156336021089
1.3503236587829812
1.2298443672506705
1.0218710372709707
1.161919882927513
1.4438464997026201
1.483317271802262
1.483317271802262
1.2075342865110503
0.8838399886300748
0.8586773222971464
1.1602087523255538
1.2766594368390816
1.6802686117467531
1.2700692817332562
1.0636745788290245
0.8171294555136717
0.9912806335400751
1.026455953427761
0.9869345709309818
1.1520390953042083
1.3743953167501979
1.5206872723240394
1.5054095034145578
1.6165777330292919
1.6835070623312387
1.6060345573265233
1.4079837833746818
1.4692231717235278
1.4635345089113678
1.3820947085035589
1.476451430173739
1.2016271372331193
1.3398767501979083
1.3757895363139443
1.3306797243782733
1.3528245000419632
1.4732735845738043
1.5931698943209052
1.5108689749160673
1.4095388806083191
1.177669430254874
1.031935155108037
1.031935155108037
1.1759603580850213
1.5071247855844843
1.6660507481603843
1.3841526931157708
1.3306988956836714
1.36513202418377
1.5618176853750585
1.4529716932461811
1.623355147679904
1.5402837053547982
1.2377701481197942
0.9198444422044206
0.9015704071880368
0.9100456721512501
1.0723577586515143
1.019932800765787
1.0283744862701072
0.8553654735474716
0.7963399567585836
1.118028218909948
1.422178706856816
1.3924615111885337
1.1761068300744535
1.3960161086472178
1.6105775577262285
1.6458112332586157
1.415304378997968
1.4881372773788455
1.4596475713644121
1.5278208605576706
1.4463097171270494
1.059659648996984
0.902886056279018
1.0168822618643147
1.1008933103176775
1.329335600848267
0.620346682961893
0.4527463238231465
0.6020380554553763
0.7342853387027732
