1.777961211380228
1.53540236099352
1.9666381538814859
1.638292600833996
1.4114126501811797
1.0199736448198933
0.8821095261253353
0.9777075990427138
1.1926810553046123
1.7134683126378771
2.497253779166941
2.8473846770020868
2.9765545697127633
2.903944961813015
2.3006505496536604
1.6152258220398807
1.515152328809888
1.531378634957675
1.8096620819183977
1.6798051180082647
1.750612766748259
1.7133623558687596
1.6497860285054968
1.574400557471356
1.5777709080900668
1.6994869286488292
3.2440689758713104
2.8601693208473185
2.6869529566914165
1.7999268666493418
1.4496004227478887
0.9692421054808682
1.2121620505805395
1.5256585959006392
1.5256585959006392
1.6872967526810254
1.5507961451257926
1.1353928353153493
1.6155992758121605
1.4449051370103088
1.7487038104544377
1.5869577698137884
1.8500732558607296
1.6239987597580228
1.6987248375022213
1.3668584425005597
1.2739744087765605
1.3623977923977058
1.4854847342107491
1.173180393693629
1.0854085614918394
0.9726555555199117
1.2603782219868918
1.8102639152638187
1.566183699658833
1.3978730134306034
1.3283671327674913
1.1723387994213041
1.1016421579502098
0.9812256617448517
0.9322354192721847
0.9604248872761182
0.9564465152359145
1.0430270257893435
1.7728871662544328
1.7963080629969999
1.643350763148207
1.402764532993289
1.3588000770808597
1.4924416586957967
1.4991790149734912
1.587394206783174
1.7696305107022703
1.492845542968475
1.4638749466422325
2.21520803984976
2.441904344068078
2.358836643999629
1.8959607244686902
1.6292607490858737
1.5921249453349087
1.5903447039635035
1.6151929204199775
1.7239130583194893
2.0925283724969397
1.728359508857548
1.2536958472616868
0.9757418326932545
1.0723460357806522
1.422253252944824
1.422253252944824
1.829766714641063
1.9618506271130514
1.645543706842794
1.567698427525142
1.5727984842547662
