1.1581837378807356
1.5114994261085704
1.4363749502679477
1.1246774533820545
1.3696395578101712
1.6720008739040244
1.2696761748680536
1.0534663791074472
0.8990887210759683
1.2297320557208802
1.5996968902215887
1.6804139748434457
1.3267421810039388
1.3712342837169944
1.402324537426441
0.9428791956222214
0.6937090858790707
0.6661794746189573
0.7583403377406673
0.8384535802842349
0.8074622268013432
0.9454937957732226
1.045865344243373
1.0060572017111886
0.8595511257734045
0.6403145325293087
0.7212110785077485
0.843135224242194
0.9714991281690621
1.0487680572213334
1.1343125849578723
1.0294331409276145
1.3419207328226284
1.0196239873017583
0.9417082668080694
0.9638867257080233
0.6397057284211332
0.8163169390621245
1.37531015612387
1.3596242574040973
1.0358774938246116
0.811314446334704
1.0577133948204458
1.2160598370883715
1.0791524528045597
0.865671143765959
0.8522546105005027
0.9049706882030969
1.045829432820372
1.3124153111503278
1.3124153111503278
0.9870562064992159
1.30078218414743
1.04310742698118
1.0316089204210814
0.8712069528923552
1.0866475140030998
1.332621744395833
1.0122025250891293
1.1157496052521818
1.3752571263024258
1.2758640670850045
1.8013463568861325
1.377167135959149
1.2956998764729644
1.0722902122156577
0.8898916511713549
1.123525714863334
1.202186052796598
0.84062527028507
0.9352195520368821
1.1526559699594348
1.1123382124223413
1.2080377375251066
1.3582951147805462
1.582417113124453
1.820125624802995
1.533590194110849
1.0995303543518395
0.8851132159901394
1.215388327957784
1.1793885974927503
1.6693068395869002
1.5079269474840118
1.0431521730255329
0.8574118450612488
1.0506685635522255
0.6972282373192698
