0.9829973721669234
1.1606560218364643
1.5012532943547998
0.8710657279856806
1.2299655157041416
0.9428868825475372
1.2693364443424735
1.1658151914591763
1.0998477044900103
1.2064922512399439
1.2460270315660167
1.6399737539798576
1.8549222072088116
2.218498989486272
2.459513096664618
2.050489679508781
1.5710147677010657
1.369121611258787
1.2006606940770568
0.8650530690097057
1.5962268670748205
2.150432664023107
2.3857459476105496
1.8287759572585125
1.4851732328772065
0.8592872280068231
1.0574757497176064
1.397454730563715
1.4493291474936785
1.060725362289876
0.7571770565066931
0.9147014263341638
0.9454832026639615
1.2385455705192305
1.6825575130035442
1.5348864179529291
1.1379067488482026
0.9495218467957416
1.279325603362698
1.5412813294554475
1.0924679582715924
1.057192359781135
1.1630343562077834
1.4108894263796892
1.4982557236077647
1.7204924851159404
1.10287907348967
1.8866796677849447
1.4958242669843183
1.544661803157986
1.4929072710777027
1.0625264780456147
1.2479389347963417
1.5268858682480972
1.719706111462115
1.0899753655544704
0.8195417872591688
0.8718800917872237
0.8718800917872237
0.6561062532908135
0.8801702014806347
0.8436971961198796
1.1110551967673223
1.5978491919661297
1.494672188478293
1.760286165841106
1.366051975669116
1.4582505878771537
1.1931075359408432
1.6360218878562138
1.1813598176329625
0.9029235480144047
1.2199927026575939
1.2261678703103964
1.4174870841573781
0.8213281942329128
0.9473660562150346
0.8825137306916075
1.058302654502656
1.1923570195594198
1.6063727100519758
1.8060126260444243
1.5575452151680282
1.1013730942186226
1.130396959977332
1.5846961341802597
1.5169135830736074
0.8951362575024786
0.8634051046477902
1.2120531805794417
1.5408851072246688
1.6468784348362897
1.6113918416550126
1.6727479885729482
