1.5983802795885318
1.456774918486512
1.6521302743131447
1.1469655411424702
1.1036557163457361
1.1543621845451453
1.1543621845451453
1.5643743907053793
1.7961379501958845
2.1271247681499657
1.6880976376527081
1.103658627934936
0.8472337106429193
1.0763554192011098
1.2414843382285101
1.4233539675544815
1.8529549457267669
2.294187398440749
2.5267503980071386
2.2922728927389175
2.028953072463954
1.695073629211673
1.2640880411424165
0.8432929288156794
0.6956440992995568
1.210493843575768
1.858788646885158
1.858788646885158
1.92689742761123
1.3918221034523008
1.2954860619725106
1.1577830490875933
0.9833527776826864
0.9479272842799704
0.9256706259802594
1.104966920942981
1.2965732664201837
1.7690407616173367
1.604738922052542
1.9637306435918913
2.1083681824258074
2.3272498583085706
2.5184047778657903
2.103666641367049
1.7037253209114973
1.5398054482182506
2.10005964735939
2.172523844846364
2.0132559586349505
1.5521706136010105
1.452891604694188
1.9090349124921309
2.6852636135059518
2.6440589461482054
1.359887710276242
1.3294498223229065
1.6903873263556743
1.6998529516078018
1.5391398085188863
1.3473737806305324
1.4965814792557985
2.2681699429034463
2.258367017363569
1.8239076045892573
1.0285775448265313
1.178798671603102
1.3676101939157468
1.7479176546341684
2.1316996198842104
1.9352063652522649
1.3934854754117614
1.0842484854860581
0.9760193803189545
1.4429032292051711
1.5981922643275055
1.8526935827463813
1.4245618505975088
1.3161058508433545
1.3984374097773902
1.8175238215767189
1.9701862730926691
1.6041782207316329
1.4522753038280087
1.1498361867194828
1.3694432499978135
1.300367088587474
1.307721914703231
0.8472639524664909
0.7959296973348873
1.189228266071101
1.189228266071101
1.189228266071101
1.62504433584705
1.7487737937148722
1.6146963830527208
1.5196369046731513
1.725898818075706
1.5263146327824577
3.7481884546994353
