2.1495345919500486
2.678531717645815
6.63932505364523
7.1007186565838785
5.4179012317339
4.718240692357234
5.4179012317339
5.4179012317339
5.4179012317339
1.8992179235063782
2.0918587726442284
1.4510773803105597
1.4510773803105597
0.809162423598831
0.8043632876066183
1.020047088690231
1.2669071028040995
1.1006684905075435
0.9586426572305651
1.269113485610335
1.3406874127009276
1.5211619931445648
1.7167546811816434
2.212740379708941
2.7401639276473047
2.9352191915969033
2.922598118701006
2.0427571139081775
1.7575440536810745
2.3335591995830236
2.539839018461455
2.921565787906847
1.8195649493894237
1.7216793563422321
1.7422699016765684
1.7992504344805365
1.4866365616513664
1.4394801400148574
1.5139968877225654
1.5420913384015253
1.4334731218803936
1.1632547881379223
1.2414162359314231
1.5715258685202032
1.8061795736088557
1.335896954999908
1.1065868845300526
1.4477159219826319
1.6986181688855702
1.9800128106090764
1.9800128106090764
1.8694917395009552
2.358024194456092
1.9253940647583954
2.3659386250116974
2.2998104080868242
2.209914135807435
1.5700197930844608
1.4013021958362821
1.2741803539883576
2.1705450816378726
3.4569212211314646
3.6366761837076744
2.678458305948086
1.635863577490066
1.104411949293858
1.1831111211412257
1.2138141763931618
1.404458538732067
1.62121709412493
2.204235493210847
2.204235493210847
2.0497883518334623
2.204235493210847
2.204235493210847
1.7547157264571314
0.854403010587578
0.9208966226029365
1.326190206497181
2.3149839206954397
2.134476254645318
1.866427682677425
1.4546290799029296
1.7478652620676352
2.0197746576283437
1.7138550896261
1.2347715047135517
0.8827174782544538
1.1518658355787599
1.5977409310385429
2.133317926959004
2.0987569092816036
2.5845437518544054
2.8855819165073653
2.8024527758511604
2.0388461634303567
1.2358030676627652
1.0806657501729233
1.0544195515511703
1.1929686299570936
1.3450354301009702
1.821883904921663
1.7379096969346617
2.108137656293828
5.119551791424897
