1.7703545760614277
1.6324325001459496
1.5672161577713883
1.3947039917474737
1.4750709393413208
1.4430237266845092
1.616851441684668
1.9459364528463228
1.9311107517233357
1.3647195747373435
1.1939802034059008
1.192268899741463
1.3767872778376582
1.4036711339350454
1.313304963406322

1.77435301301912
2.3437844536361325
2.7157233261724616
2.0800642883282907
1.8915959705497873
1.970285756148371
2.0632537429920648
1.4873983882043904
1.0175593431812162
0.6892806297718095
0.8511992784411688
1.0497709828724042
1.288251111601129
1.4656553539499082
2.2415553367781302
2.2122514576492907
1.9045996682235176
1.7261961568235091
1.6631923170932663
1.666057734842731
1.6380363474582582
2.053769201108311
2.0955936500636803
2.282292894006512
2.014749664127403
2.014749664127403
2.014749664127403
1.358318971222181
1.1055226641613642
0.9187881497626684
1.2795805759624979
2.334778485060527
1.6333653362563405
2.7186195163873736
2.4403893127873078
1.955841079128699
2.1179581672238816
1.9605587216345637
1.7858311323677187
1.9722325469939959
1.9337707063091358
1.500621347091784
1.5181686994202503
1.4532991716537331
1.2013106951484354
1.3187299904813106
2.0573414908675436
2.0509760542837783
2.12445790900156
2.3119909735257433
2.933027772732005
0.9170350684782749
0.8000938072264046
0.760160320708025
1.6768667483661943
2.4523554517924593
