1.4620882653524352
1.30595494926731
1.6723096280423007
1.7024471584997243
1.5934857109133787
1.2935316570211375
1.0872666069756158
1.1026939165855192
1.1026939165855192
1.1026939165855192
1.2395077547759414
1.4991239135422887
1.7394662090288828
1.585660177344738
1.4519577011730291
0.9850253903140531
1.170310052169117
0.8651138972278077
0.8651138972278077
0.8391654365603336
0.8191804647915102
0.5692626098806507
0.7115565574950715
0.7647885016461724
1.7447435596623306
2.4030672020078008
2.4994255557893594
2.08991073224523
1.5596710470307191
1.6561422103597319
1.6956904898750131
1.9552609513483783
2.070985162643811
1.7080133469911358
1.5100254472897112
1.4435981146414685
1.7175904314847035
2.2985538083586845
1.9797484255464122
1.8068604824356371
1.3425643520453026
1.504345599427556
1.3209143882767085
1.2309623547184994
1.8240016862799675
1.8590123401226908
1.9823245962227527
1.4455838289659897
1.3905858495419277
1.5261674358609487
1.5755573880187446
2.051503615874179
1.940389279906984
2.1879611258984886
2.7084094641238368
1.9161674255953318
1.982393958623242
1.135192850887782
0.6276833980499414
0.6037291704903849
1.1283377742897935
1.323456930928648
1.2167537153686054
1.2577769226856026
1.5888601380082599
1.4114886096966097
1.3640635082559984
1.2569077095199523
1.3474881025101193
1.7009633045207224
1.686624022416926
1.9158777125643804
2.1673897252595697
2.116200448629365
2.2412452266780516
2.163132957733902
2.4304165081426454
1.976421252852942
2.3050600974379023
2.5180706574783316
2.29007162881293
1.7346089651138545
0.8230598433853296
0.6465490098011898
0.5659233670920484
0.9430703201006603
1.8260674723525665
2.061536753571084
1.7239457020308697
1.6868767602002985
1.927914281831594
2.0664757052050193
1.754326108055594
1.6839646604735936
1.2448454135856224
1.2840564568820176
0.9671236923340469
1.2976008099531506
