1.1651721685601721
0.9087689529060339
1.3797657834344619
1.7036926858669847
1.4653010586248547
1.613009328892015
1.5874729714937021
1.546953060286242
1.6580126500574937
1.2142065614527846
1.2940853669671348
1.430792092471773
0.8738168346257773
0.4496737824497115
0.4486455894289779
0.4748154944504466
0.42850378020694957
0.30746236091307594
0.325326436275623
0.4991331838572364
0.5375631495119098
0.46965619083817833
0.45078240203600767
0.6254842381764762
0.649297270568937
0.48573925666004436
0.4710587710205235
0.46576998366578815
0.5595802314619307
0.7101298044559683
0.5602291594237425
0.3759613428774278
0.547629879525309
0.5499142000678098
0.5135662489913163
0.6140842658465533
0.5400196002144791
0.44371847874557957
0.39209933943422015
0.4501632974747532
0.5705422936363931
0.5632665854504836
0.4596987309280635
0.5520164334030007
1.2750252998935552
1.5115041996172212
1.0773749899372291
1.4302101828559795
1.6807407925787394
1.3048020172305357
1.0244311954984042
0.6175643223965936
0.41513801964205177
0.545679783336048
0.4911155930232387
0.2945990215626775
0.2804094500052593
0.31035113950754206
0.3819963656319577
0.3819963656319577
0.4728117637772762
0.5399493578874991
0.5401122538361828
0.5401122538361828
0.5881708234157208
0.7002480002880016
0.7127136819605657
0.583348180572578
0.5419042474499236
0.5955076038826981
1.0365807394275282
1.0525048846225813
0.5460800492892578
0.3696901982935473
0.3940825435989386
0.5383607520783964
0.47796460402590374
0.4758029896661289
0.8284904166245584
1.0121773643788583
0.672778559009675
0.41132546475739584
0.3524528015260038
0.37349370222371936
0.3336964282277272
0.3586436816053745
0.5575675936033615
0.5896690798230924
0.8178401630160729
0.942880533082682
0.7529074100562341
0.5505464787536557
0.4347174558325023
0.45094350256754767
0.4574321678208145
7.578117593765017
