0.7480968467941317
1.0634635192945243
3.864786245200268
7.538390441603038
9.09659982609976
9.490379541988514
2.3489540422542485
0.7065163024530685
0.6336047628262756
0.7115425243943251
0.6856339930430577
0.6509035370912992
0.6378691230311458
0.6768225405204513
0.6818679034359032
0.7107136172328437
0.7723719616434856
0.8101614663738138
0.9294775094480563
1.1740428010777935
1.1306239122779242
0.964276030367098
1.208796240814443
1.3029484893094831
1.0154710534034133
0.7468956841747396
0.6939058656209622
0.8910023683024174
1.260342721815879
1.2994420742529886
1.4559270123534904
1.8281129684601702
1.5248030302482558
1.076136655888997
0.6554542598415211
0.7659037603040031
0.9997187899292304
1.253692547228252
1.5303045718868693
1.4274751721076329
1.2579270188167189
1.1573096457867753
1.295256947212628
1.2465909345451576
1.1213278350819758
1.0303768247459149
0.9685219713373386
1.5639503011279436
1.7789916992720487
1.5322652308815436
0.9030026085798194
0.7438350748132213
0.8474950649472145
0.9636982857703631
1.2285159685580695
1.2005338294612111
1.1287827383112696
1.2333983822657593
1.028061372184074
1.0766381537545884
0.7602307896167695
1.1835492976104183
1.2423308217489828
1.4091699417372647
0.9212897798221549
0.9144070912174114
0.9670114985430542
0.9030092979697009
0.7929422127616625
0.8923616621814275
0.9223306842441539
0.9703829993054792
0.8270755868971423
0.8720147312307537
0.9094837729974995
0.7920086307174817
0.7452431752302122
0.9701937494055086
1.3980356310319015
1.6264445147037867
1.2743651749433331
1.1022464339312295
1.0427300436175486
1.088958745508966
0.9272040463703587
0.9641404232262956
1.0051846956731
1.3185433978680685
1.393892835631136
1.5608492942920287
1.0963195248223794
1.020904499269357
3.25117932922904
