1.3903532064243582
0.783446684946175
1.05862987823182
1.3374651009833554
1.3374970534223005
1.2114043578849394
1.7109487152872815
2.3174674608073893
2.2409895199104746
1.9246730391415516
1.4113049607404666
1.4788266874379445
1.4674326646698992
1.9524807787849343
1.919959033552666
1.9347414137068948
2.0494092168856657
1.9559565607595544
1.5253992259303057
1.1688851980277577
1.3136536900377054
1.3028142812131795
1.130559989104081
1.605238131948071
1.988872862352605
2.0708302300941193
2.2011541149305716
2.1685723993834656
1.9478069655107602
1.3433332157855684
1.2589367319133868
1.259992695816803
1.1130337247281716
0.7652248287860319
0.9890531381706078
1.268270163894471
1.5930428885009509
1.3911074553259852
2.0896338004215433
3.012784071009138
3.4630250804195866
2.708049908173155
1.8735396285957153
0.9679241405869277
0.8069099750853745
1.106300316571571
0.9955542978456944
0.8871171036946601
0.7569178096445963
0.7732208240324053
0.8277866424880027
0.8884850374308989
1.0328211851568803
0.892395400405593
1.0769757600353782
1.0742573455402908
1.0654930623653585
0.96067524172175
0.9443752451235021
0.8767887635907672
0.8979920952675038
0.6982632641260479
0.6832851787261404
0.9643056599089741
1.119189828281357
1.2947657030372992
1.090175405600077
1.066084097212674
0.8650203691832152
0.7953181476367613
1.090161774900957
1.0844161457570434
1.0844161457570434
1.268943016026233
1.1061159523343638
1.154124596088914
1.078811419924945
1.3179800923968172
1.4413188428364692
1.541257770094947
1.4901729515191617
1.2778719148659758
0.9182702410802956
0.734509019435894
0.804826411030608
1.037924289792379
0.9842468081344546
0.958665192828104
1.2163962676911066
1.8153648066808974
1.7699411518943453
1.532760344141709
1.2135272195865094
1.1791748358743137
1.4077420341168714
2.7665453571659047
