None
104.84741946909767
116.55038120111935
0.9249155515843943
1.1254054924357397
1.4921043001374177
1.355760281711141
1.1057692828849777
1.592553352597168
2.3102672581557124
2.4074662303423464
2.459963335158279
2.9783337704869792
2.8512123602829735
2.8512123602829735
2.8512123602829735
2.8768038229599195
2.6160118184448367
2.0418185293196385
3.7285457484785636
122.24483542228936
360.0183829288834
339.76225898699215
108.81496478913319
20.379624965445142
16.09349329531467
148.80133444906005
724.7192275519989
950.4398528491539
452.1803466325297
123.07161855213843
220.40286916051815
639.7084899475798
837.2062188528497
505.3188418610521
220.32900036158023
170.55353633087492
103.74313501247615
79.91470424364988
195.69656973018283
291.4184826143586
167.61917054580113
117.3195420261001
3001.848469998736
3361.9384574609353
648.6620710268866
91.65017058110445
192.45655589623115
133.91353031392924
65.39284396563643
149.72080390238912
161.3589878059441
65.16536336962015
53.19548730450437
95.23036995975926
107.49402089980745
