4.559408109702317
0.8001625946091934
0.8001625946091934
0.8001625946091934
0.47719831759084785
0.6213735233710461
1.0723228512556227
2.8228175657438044
5.88482394675792
228.79711785835244
195.3149464782314
141.51217863240836
8.40665928381951
6.244706526690166
5.744931243836585
3.944928603187777
2.441484678611135
2.6895792648234575
3.6162673465692956
4.703839436281109
4.548184677942429
7.687805318921542
8.337383790442644
6.097836788404285
4.249748831755204
4.249748831755204
5.8645122303838075
12.303168174532349
18.147800829974646
16.455854776541596
6.855852337450237
5.408548257639785
4.057982243592122
4.283728943149791
3.339658364658428
3.634075659877732
4.901727630795603
5.399378942171446
5.185925089808014
5.185925089808014
7.078141307953304
7.0137190499729485
8.053411412016306
4.952792913577699
4.858000302728554
3.9009255629326667
3.9845170711543925
5.2003718214844366
5.464391470406227
4.761857006771395
4.155211913834309
3.495357207865166
3.3294868513778866
3.6180508978412704
3.438182204242541
2.8781710032608325
3.9748687385213515
4.445513169029135
4.054411458097262
3.288551252885824
3.8267077067887145
4.259838638309719
4.903456125432326
4.586056472984184
4.99493449513478
6.317655251230958
7.507514820559033
8.932496788211955
5.612475670020416
3.6065153758009942
3.6191886255505548
4.6370678501481954
3.5377658409084427
3.21616388246836
4.455073475685997
5.661143557024428
5.335408709284485
3.648213123845728
2.8177558681436765
4.340723546003057
5.522323263388708
6.482284532220123
3.6093411591772666
4.689652208724839
5.080793156881683
3.472443278229736
3.1965239944328268
3.5131266525200773
4.400864551893246
4.536551989440638
4.459918785266831
4.097680051559658
3.692914074025886
3.791601478763924
5.861423812056836
21.896573373220583
20.066894144226595
28.12909377765201
33.54325886886862
43.438883884915825
15.924356436180233
10.291844336917912
8.509511124736783
