None
2.6604957833097553
2.861698584531764
3.0486978760683336
1.3775071318989607
1.8433401694222964
1.8346117716442267
1.9316943946097083
2.037582271873512
0.9803900916544691
1.0803316801150613
1.1836545201969424
1.8494778571737296
1.8325217567550771
1.5996841516285383
1.1313221204349673
1.0405681357725667
0.8423725374950621
1.0155635869934325
0.9994449087591719
0.7714113171771789
0.8051107094066253
1.1312375440103604
1.4257092034015284
1.3649839464612563
1.3492892137779697
1.4698411159313625
1.4069324995003918
1.2913625004190206
1.3873646067452163
1.3409163975130052
1.1598213581777284
1.0729845315318782
1.1036988285169802
1.0582499132497394
0.32442420142992767
0.37456645843886793
0.5612035709738314
1.2838445752574879
1.5730356146574591
2.0590630757344943
1.9006728451249055
1.5556302881279556
1.7468708452607367
1.7468708452607367
1.8578409484848029
1.4872103500931777
1.484491424321806
1.0652553668200369
1.0652553668200369
0.9225815793991992
1.1714656462500446
1.4199292480691752
1.567211302191351
1.4341930591848215
1.4674361149395105
1.3816618581030031
1.0845723602930541
1.248930016319702
1.7348870841469268
1.7445990670491551
1.4485142915832403
1.1008683915774142
1.3204326546899914
1.498030786200248
1.5185054359174945
1.5350628247865032
1.1288384345080245
1.3711013637165528
2.050154051872309
3.0379819850245284
2.9294022285476062
1.8478957128661417
1.6515058578400375
1.6706055204003376
1.2573425053751326
1.2573425053751326
1.2800082486934468
1.2090602314155403
1.0493364281518902
1.279096338970276
1.2843305274503458
1.5467685765620378
1.5126326079143098
1.1894512613857162
1.3262596493311842
1.9944641863199717
2.0193228039679814
1.7077070747197645
1.316683891206498
1.552071563280743
1.552071563280743
1.3753411562352333
1.215509074542755
1.4209602998482507
1.6450810125587159
1.4897598645196333
1.2704763854755794
1.3788023296467906
1.4866326337796845
1.6895869861075143
1.9116852112755929
1.8278551186998195
1.5363851015287422
1.1037064896854711
0.8719092304377489
0.8241435710488444
