0.12112512011408964
0.042226588871840984
0.0322127504272173
0.02662657329526378
0.013053965166814018
0.007987233832608869
0.018403090554664246
0.021816859301737282
0.0976362074666712
1.3698685365550411
2.0832509080225545
0.9132922221091954
0.0321338192329852
0.020095000031006987
0.01487633173364291
0.012733862173277863
0.012789348619313898
0.11377395719583354
0.5292992981295572
5.041260345369631
6.210750971181489
1.9730696097913416
0.4117174449577649
0.5968572715815431
0.7607232668823463
0.3075735423395521
0.26031319139121667
1.0325757120153871
1.059679090946442
0.36700780926253973
0.2674186754375054
0.34047057758594923
0.98502717813769
1.2658259946259038
0.5381763666319538
0.06972046772688742
0.04728575661919615
0.033010783984697145
0.012773036483145393
0.008655279046021081
0.008605190451818054
0.022609450860492354
1.789483921631966
3.518394392941297
3.2663196756112205
6.837785636404202
21.470361243057155
19.212793348778774
3.268764076871056
1.07102799322009
1.2637120877691497
2.923331339527394
0.016965417021166482
0.017758900218612744
0.1985268784658512
3.745559909300854
4.7519180795881795
4.7519180795881795
1.2862367463858777
0.07345822193061773
0.05354326408822137
0.016004081006523133
0.020578444443913706
0.018208985460666106
0.013855304131196323
0.015091065387399107
0.024817643675685296
0.02611724891728102
0.020300465238373255
0.02448105302282344
0.03803116764190948
0.03928337714200936
0.02466478305469676
0.021380915697949643
0.40045721662308215
1.1842308078778632
2.986811695512232
6.645997005143265
5.39706992543609
5.203963708381931
8.60713992137169
5.085975759220387
3.1082753124269846
2.9179469410315804
0.580892345438823
0.2073541583681674
0.4445505423413366
0.8298703747389604
1.1201234665871345
