1.902727596919074
1.5808879589315865
1.4315635137909837
1.0519892499804266
1.2479776206447442
0.9020248961320338
1.2428124567536463
1.2540310664180383
1.7711423740537897
1.8652258031212474
1.653469308706936
1.0618536532732923
1.0367296646121535
1.0608982051019376
0.9312273766786621
0.7768581570912249
1.0567691661162009
1.0862253965763824
1.4159927711064753
2.115077003329876
2.185562078048345
2.106613255341173
1.9189865942825879
1.85698815621918
1.6259802073594347
1.5079633854104468
1.6979619717322119
2.1661539567150743
2.7401941535993006
2.7033543894856153
3.5733742406848132
3.1585726820523314
2.4331193819918675
1.7400942422329277
1.4965775526400646
1.1686440055481186
1.3486423878001792
1.3548148539208966
1.453227669705873
1.5563400236293914
1.3563634140927285
1.2930457106821716
1.4871770493338285
1.5087925783668692
1.6315821997189794
1.9929195554431165
2.473560858717131
2.194357917217278
1.6378634260769642
1.8449258121821497
2.4123183488281033
2.637136025745999
3.0323299960233205
2.6950051216386277
2.515211302335128
1.9054969185456176
1.9054969185456176
1.9276115408786776
1.9276115408786776
1.6299701851340662
0.3546215142389318
0.35419554550111654
0.3289712024014685
1.620789095580394
1.2759666142413582
0.9669232728127662
0.7481967774297654
0.8195426970146544
0.9441979294802756
1.371848522725367
1.168836249426746
0.9261604643887301
0.9621931893715103
1.194645562133634
1.3494469852691382
1.5114362152017113
1.4671034404667787
1.4111535406441411
1.36928366860757
1.1730884939116302
1.1591417970040874
1.2365586558761723
1.3619549091890317
1.9457020412557635
1.8010844517570543
1.5321841036330919
1.3294361153479612
1.704166313368121
1.5741542687751215
1.3204998414629814
1.2422185006633524
1.364641811841677
1.2796894273845467
1.26462387115643
1.5727601519546943
2.3389442696148546
8.594581442057553
