0.2984776652119035
0.004944558489574085
0.006398387726737682
0.00727862208309893
0.007788788083247542
0.006507152781766133
0.005423327121085665
0.006796928354423318
0.2498024672668264
0.2498024672668264
1.0324893780757742
1.332059823101185
0.765166797519357
0.22734652374509348
0.013558635679944626
0.021361936646543934
0.028521340437931413
0.16107963824654042
2.746051493978057
2.996948383216153
1.1832723171466588
1.0540746426256344
0.36620247003344447
0.004396725210190052
0.003817087658064899
0.0026808225629750574
0.00380497803563598
10.35612326891427
13.473103621937867
4.076954624394118
0.8842165985432112
1.4462785350120653
0.9254164270078902
0.23031978121140734
0.1581530938273659
0.10124319054328632
0.15136558000326028
0.22896447699238637
7.175514913366601
8.935934831418487
3.7073861490594293
2.2290269294671474
1.559106921253739
3.6240942919236576
5.074993069720208
3.966469079808076
2.8329548406044935
1.6295174830883035
1.4185779244204517
0.8799078393722142
0.6031754233593771
0.41904893458050835
0.09364323897222634
0.12557081271224035
22.783830863222565
56.356950746645424
43.726431220531886
10.38484097260524
2.6259253919718994
0.9972247239020552
0.43262038223370614
0.754072190066815
0.740569109350283
0.4664829920608623
0.4115292154543273
0.25007221976322414
0.14484919367297197
0.11242151524808197
0.3693838777991578
0.7321221778791904
1.9688068087620068
1.725109714273796
0.24480665145988462
0.08082423574230482
0.05374590373162383
0.04040190395418194
0.0999308496338382
0.11819455164430447
0.6010063162132862
1.215926418257111
1.1737505810149438
1.1139604007714925
0.6141431235042392
1.1289056232140788
2.4934281072943723
4.11040958775455
2.981756315755836
0.6590716406868413
0.45069144955409823
0.3605343082112511
0.4823129649651339
0.91595670100835
1.385702278112836
2.184581929988533
2.2670269081907395
1.1842654286226002
