1.9053916745187962
2.0398975352821678
1.4157265076568069
0.7491557165559743
0.5401512010600433
1.3698291263505666
1.5350408788325804
1.385768308747326
1.2714044377546556
1.3839313547451986
1.455125252977868
1.4034174240634347
1.2232246796517638
1.0943426339948086
0.8525681158932468
0.9796221081919596
0.9519791672057647
0.9205141750976302
0.6209923663422108
0.6148879908793767
0.5661622480135563
0.7870724371128567
0.9910910927315805
1.0576913661605203
1.0171589232908393
0.9996806501881632
0.9530082545578887
0.9313351801773533
0.7724674705548809
0.7999027441196075
0.6605001624885689
0.6119199315105508
0.6463951776082851
0.8953985784120181
0.9874004237833609
0.5324632294064162
0.6572249645585775
0.5600373627054822
0.5456638066198325
0.5760798235816755
0.8631138395383536
0.8638670070203619
0.620942024752797
0.4862966553408046
0.4862966553408046
0.5152138221209895
0.6709117401919675
0.6246622516883819
0.906266558995698
1.1442976166087795
1.6057312708570297
1.3668464762041428
0.9836676789279609
0.7296412609568429
0.8891529879933369
0.8761657030602754
0.9908681035965607
0.8405526705439216
0.8144187548467373
0.6269870186233596
0.6243581808522872
0.5923749611623745
0.5428073504527903
0.5369998829853683
0.5256749873157593
0.5185144203503937
0.599482777240068
0.6096733455366496
0.6336464897603545
0.5729114460044207
0.6095474897754621
0.6671405871297591
0.6115017720820034
0.4915452798468577
0.5905346018556941
0.7972507676591392
0.926018059498169
0.758878219757184
0.621955433106401
0.6103016755739357
0.6790126027294379
0.6120671709370076
0.5643887780017058
0.7011663433125193
0.7125934247382946
0.6560588662957938
0.6185195464379913
0.5927594039688189
0.7760688975689094
0.979098881293557
1.0205626030240469
0.7408484478221429
0.519560224000083
0.4230218903638846
0.41212024975165434
0.4752028469557068
0.48275988430500205
0.4803651553351891
0.5618172450623424
0.7468745666688857
0.7862752013413037
0.7466250294788845
0.6800008412264823
0.6623521309587176
0.5793885153759017
0.5704593417163607
0.6710505610692298
0.8296171828313259
0.8567387257415064
0.7899502289800435
0.5501044541347457
0.45902578281098094
0.5999533576321434
0.6758061545880634
0.5979167257211543
0.48391974410415506
0.5280985790600041
0.6508052840577145
0.6498278330051941
0.6930324030122426
0.45526549178540704
0.4485376896316088
0.3578782788086868
0.4143217860850675
0.5200419483121027
0.6004705659997386
0.6368327714313943
0.5929592471772676
0.6510749298259498
0.6274547426397628
0.5274300685162212
0.5483986000687952
0.7168981409962958
0.756443488179488
0.6160011472172342
0.5632034280091271
0.5762672028837443
0.7498461288818062
0.8504533777611053
0.7449130649932117
0.473516084455888
