344.5516383607981
0.0021262935477621
0.002240882999879806
0.004065419473623769
0.005192748506895162
0.0039958833627635314
0.0028766338138847456
0.0032510044855875897
0.002661875737692592
0.0021336966504427422
0.0023954754844703065
0.004827988970041454
0.004880586751414178
0.0024695548407668733
0.0030839731009765295
0.002980593913914232
0.0021595665715749253
0.0018887490397156274
0.0018504383910081393
0.001904351349202449
0.0024158256274159112
0.002933685613663278
0.0024236144869068357
0.001680825992671694
0.0017060234557923367
0.002255018158823305
0.002937588455255111
0.003030889553032149
0.003546544057149238
0.003837656963072864
0.0030687701924639716
0.0018347085678790513
0.0013577435181255613
0.0019757126814517216
0.0021112554419397416
0.0016036258240448458
0.0021375577195738658
0.0021375577195738658
0.0021375577195738658
0.002285943144689748
0.002284456659144005
0.003246006958227376
0.0028369433420576268
0.002236394209160934
0.002869113761365507
0.0033074575912947165
0.0037856495578385504
0.00399147033897962
0.003097959346659602
0.002004401485209744
0.0026388961583957192
0.0026388961583957192
0.004320585677443136
0.003989511972789274
0.00266429369432687
0.004098678566655193
0.0042989611873730715
0.002648213236689163
0.004005884476666518
0.00421062587059237
0.002432851129351067
0.002640038598468652
0.0030458055195381707
0.001911774921534042
0.002389779203573527
0.0027931740131277045
0.0020058528165988075
0.001947268375612843
0.0032517281511603656
0.008115790429290028
0.010320078768891183
0.018238073450257526
0.5183903209012906
19.129585936561682
19.88920553072206
1.752249157457861
0.29440312400659857
0.05489646336404257
0.2149162698552945
2.9744912105208785
3.7641256792009696
4.851208050957647
4.7555597274198895
2.603444620219783
2.375704648368215
1.6232135455145675
1.5057590634601974
1.4811976799792854
4.81138740219065
