3.848042538072188
2.12012384812243
2.5098459328234877
1.367745761242421
1.6715456271184501
2.7905381465189887
6.430924060262748
10.870031372795829
10.999034713085454
10.35986524266868
8.75917456239114
9.597221449061788
10.147190323097504
7.709608529862948
6.150017102343199
6.052016328486238
6.470625186520633
6.08843146806478
5.800440008117715
11.553273468825322
12.619765632587198
7.965713572952726
4.030746686497511
3.0445196057304376
5.2116398874088
8.319395661240659
10.165556150382955
10.11525928897773
10.662360226821699
5.7935598294106985
4.930533637773601
5.681210017705037
6.644561281595613
6.59921673616531
5.811025131509258
2.5158420104230115
2.7565710367451555
3.030574140317539
5.730987543315877
6.15338990924902
8.183589196073939
8.424735969635647
5.591968467696862
3.473219090357923
4.098014342397594
6.104001497465832
8.92725729526332
10.642143875817062
7.31786653900634
5.363950103347859
4.187438000922261
4.089137168632268
4.972552981586674
5.26600570997952
4.457230341297011
2.851256978279734
2.4159929389084405
2.7168010514930963
4.272230428468221
5.442604419009692
6.0743704361724795
6.219104764963449
7.351871143551479
9.500269008840263
1.0106686654449528
0.5144430318134057
0.45267458778315095
0.9925644502516973
0.9925644502516973
3.3789834681727764
3.774518155044868
5.84957398691448
6.444269264085049
4.676424915960142
3.3468525579352173
2.9305323619153216
4.988913871489839
6.165320384284243
6.945389963828958
5.9064621357491
6.840504319950409
6.242462183167795
5.8570245700610775
6.664498042192993
5.611920212949116
6.865626860113199
5.804704881561217
4.511132771156414
3.43116480013078
4.340197426602126
4.537424167492439
4.228791889552007
3.900292626555675
5.9154843709356655
21.768359465106187
19.57476477848423
