0.2941884028823819
0.2602173637819203
0.39275512224646697
0.5401851191704617
0.49067251085027674
1.0547977305693812
1.2566493986163125
1.208083063643163
0.63765698585155
0.4418215247601669
0.4096726264497379
0.46659292650156203
0.5397209753924006
0.48818328368332364
0.533376909235228
0.5617054274725635
0.7023587372416247
0.5328220839710549
0.5422349659684891
0.5794426281446489
0.619942068711357
0.5014468800477117
0.5203042611563813
0.6162606063177695
0.6620286740213954
0.5744239763067686
0.56235525131615
0.45457472012094874
0.5422058091887356
0.7003845289690883
0.7499243742643051
0.6933593080097927
0.5271733406653875
0.33921234368494524
0.34326763052195575
0.5698090303075082
0.8247719935569479
0.7625537855164081
0.693104228169637
0.5559893156486674
0.5676407531728275
0.44150015781619756
0.4087002849332159
0.28049784808684014
0.2819830083291037
0.3278154929652396
0.4034208373110428
0.41182954781314896
0.5241524014103833
0.576986125549211
0.5111887169131957
0.49664607042028397
0.4560601008976612
0.4724510780874807
0.5165749421717761
0.6003986290979284
0.6676888331605186
0.7237558375470289
0.7733821135176968
0.7998463298917158
0.7463546856688635
0.6658711073035312
0.6400779843126824
0.7417965680035442
0.8449162262892983
1.097908066835891
1.1282751386515195
0.8736412125873879
0.40825840343101255
0.3944979009598077
0.49127342738281304
0.5082322785311042
0.5177139184944838
0.5015533601392412
0.5528024850230782
0.5744039708475331
0.5528024850230782
0.6177618246709919
0.6931942632759439
0.5409415973187515
0.4768083849343522
0.5089194829720493
0.45022197439279127
0.4872727440960414
0.4260908288742563
0.5387608285247787
0.5007471400635247
0.5007471400635247
0.5932558926629891
0.5436317658215118
0.5415888935223976
0.43941356758843336
0.4488271362824295
0.4328993361315832
0.4920956781793151
0.4982368609315507
0.709706758909411
0.7174152335585804
0.6478724031770489
0.5053460891532301
0.6198007862884511
0.610768258687493
0.6472812175092707
0.7367337919085221
0.7449519067660055
0.7131105367088937
0.6806638872266533
0.8735147763444439
1.2304629210296703
1.0631898184187782
0.874014002014417
0.9702642667450962
1.089866739516151
1.2269906771730867
1.8125943448794555
2.211944602548054
2.4223589228565023
