0.5615819588442138
0.34000620473819465
0.34000620473819465
0.34000620473819465
0.29750652225127444
0.2660600789877278
0.26236993370377043
0.3223992944087867
0.3582360949417919
0.38498519670805487
0.577707827260483
0.2554652727587994
0.2554652727587994
0.37523011778121407
0.2800313042104119
0.22048593748725134
0.26190738587047324
0.4785828987197548
0.6890982855680905
0.4759182702437039
0.3545104290157366
0.3334338105053679
0.993006143424978
0.661840566103869
0.6798025965860823
0.987077507342236
0.8481417149627949
0.6292072566862433
0.5612796926375015
0.593855428840967
0.461823552248631
0.416073659871295
0.3785771275715114
0.5223134597751539
0.5373907802225497
