0.9013909173931655
0.7309243556102232
0.4809129503262448
19.81320607970496
115.57207752785743
120.82929092516842
27.88832931490231
1.4887934830162788
0.8558483254830824
0.6536705103158139
0.8257075951547089
1.1334246501730663
2.059113583364003
2.082726850685253
0.9638588424455263
0.6273221219410602
0.8813959373135936
0.9856830327300925
1.1002786127152653
0.8853991330776652
0.44337989734168315
0.5335330134541341
0.8370177336159359
0.7571005377650818
0.7571005377650818
0.709190167724495
1.068995847582734
1.2456450612605159
0.8995301123337522
0.4980696452932766
0.47848361227466996
0.6425758110813389
0.6419517670553572
0.6691674021735838
1.3264765408188925
1.7251083199310848
1.7801628742312616
1.3029869532525047
0.5880777861039159
0.8433300545283807
1.2421161674741437
2.5893433148512703
3.9649050543526165
2.7406935270304644
0.9770891375369468
1.58006838641524
2.2758135938302955
2.372439638447994
1.9017040354793262
1.4796417853281025
1.5413247468360103
1.486008909586357
0.9761515737309746
0.3483694229407302
0.5174524903357305
1.0733840823376137
1.5417751319884343
1.1789879556075071
0.8707149318065113
1.399780597157808
1.3361485571420781
0.7938301402501867
0.9516401262193193
1.0778625792233336
0.8679141400834292
1.3593473571040706
1.5332111786059162
1.1490152353739844
1.388624143309022
1.1720499487013583
0.9776665843224589
0.9181105433578237
1.176712292498768
1.088733818101801
0.8060853226164185
0.7030842646170531
0.9087388672787655
1.1696479879501112
1.4219794060656237
1.541007839158294
1.359757574043023
0.9882294185345964
0.7373839927595831
1.3120789472925678
1.7548471815164048
1.1432870039867475
0.6912366265339547
0.9178237773512237
0.7337837464305632
0.6628055300867555
1.0359074194502256
0.9031046637057567
0.6745355109342357
0.8993629688696272
1.029783588255082
5.790954983150344
