0.4199054934407299
0.4291502758231796
0.4897486279693194
0.5423924140259566
0.36881745637118557
0.31860098721720914
0.41499408562253487
0.4214738364525263
0.332267148393309
0.2816148894469792
0.2327023350078343
0.23096919824113699
0.3205305661865665
0.3959358858770682
0.7414039261275229
0.8017947077710391
0.7166929601779979
0.3675408764166789
0.2832250950602624
0.296524254419901
0.3902942892229094
0.5226682513462593
0.7400003515909717
0.9580180706817069
1.2548230548487378
1.2222544733192668
0.9482507327338426
0.4550842089536645
0.5026890282247201
0.5207959281080818
0.45983922206656347
0.2541249868531328
0.29769167769229227
0.2877526038800298
0.3096982201328239
0.27969422377788267
0.3539104633584711
0.3885810656722966
0.33311526831051386
0.3425144232559081
0.33515932098425827
0.34720325688360093
0.43207755149414007
0.37876687514202617
0.5338541733915058
0.4662141730517873
0.47311631679027666
0.47311631679027666
0.47311631679027666
0.4874049248998322
0.597706588879249
0.7119517326563688
0.5210419920785476
0.46708065136240784
0.38160068929949237
0.34337156383711215
0.8800517844952511
1.861170413486663
2.000893718969154
1.380395795053707
1.222863982766967
1.0261023811531431
0.8834313145379845
0.958682241363052
0.8649716295095964
0.6664305455131195
0.3691178111440583
0.4890174738373981
0.4407161440338863
0.4413827227838525
0.47623812619474004
0.5627420442332607
0.5365831354767557
0.5275364551840374
0.44366334357013126
0.3831673147680187
0.6664917093470899
0.7287249306297452
0.6165987957225074
0.295264097076653
1.8536257037460901
1.889927119849243
1.5949411168165117
0.5982475341756749
0.6031592896624494
0.589385956344184
0.3714785709621173
0.2810351189125059
0.21554601232575124
0.22339269484990043
0.28491669657759805
0.42552289615312305
0.5629821103274515
0.49653937440036894
0.43228714857639816
0.31188311344845654
0.430083923425033
0.43208923530724985
0.4036283470991448
0.3151200331065384
0.5475690491361818
0.6064061282009866
0.7941781176730903
