1.499531237545453
1.8691475936468767
2.0042525564172418
1.6767444470341215
1.7480119450259224
1.868831568863047
1.9329026848834259
1.8223156003312533
1.947601185445086
1.7594002794611894
1.4579915296782002
1.0890035258599828
1.17691225977672
1.7103691438529787
1.903869657709986
2.0715893911202965
1.8800976305150514
1.8915601880874042
1.4437583135943273
1.104972716986959
1.3779168715166628
1.0216148668294027
1.026097537998692
0.8681573011711126
0.9620200709801544
0.8048469138637899
0.929240096688533
1.75637988078293
2.4238303893526734
3.2755006363887462
3.9639484346452853
4.134308001895218
4.204043020445731
2.9681885620866013
2.277474348947941
2.5929657641191097
3.226290034552113
3.0826962325214806
3.4390356396367427
2.764004615330478
1.975463418311247
2.0888000112449627
1.9895801106682873
2.237095706698902
1.8284906182301124
1.6301666267927752
1.1490056620848688
1.1782982808797997
1.4463836087828947
1.4603260270973932
1.1961884277844246
1.1653849661180469
1.100125727225846
1.045377171183547
1.1214333499724873
1.0454903284575447
1.1765272922168026
1.1698314598894277
1.2374305546916378
1.325921546925417
1.1568741982582604
1.463711315139451
1.4130593163946252
1.9024346819250963
1.5653528596876571
2.060942694507375
2.0438730654756188
1.7284307813402426
1.3624981654860677
1.7187385880141497
2.5084751763202
2.5947557440013935
2.0705780172615187
2.819129752416474
2.4801134203639994
2.3628026834850293
1.5773151861137806
1.153925849286809
0.7384884497553672
0.6458407257280305
0.7552794812572325
0.8719452446116174
1.3449384880620756
1.1201442172777794
1.219750056801515
1.2080142655325632
1.4590813832142686
0.8362687315276099
0.5471797772794
0.5399336826315883
1.0397493599626504
1.2184507201269859
1.7975596203937059
