None
1.9159369860017854
1.6882902497536667
3.4654238763636727
4.51889247980309
4.404108139579056
3.0656044165548506
1.6609035573853617
1.6609035573853617
3.1535468368519695
7.577396146232983
8.362416427540579
6.433168513225598
1.4639919208423342
1.1223509949588502
0.9134345556820787
0.8711279993166444
0.7769996043704566
0.2621824731167101
0.320574785849016
0.32550015246308156
0.5951288941551954
0.8547416965646769
0.7870381975061834
0.424669404740196
0.30140998871662783
0.4431902223473876
1.082486591821984
1.0669941891587833
0.7023930852337719
0.18473298112880795
0.15840490509735872
0.19015562571942057
0.21716207657073444
0.27322153522161313
0.3758151043675939
0.4185062691471384
0.47953339561912434
0.4743128794050505
0.46161924547372135
0.5431623252359077
0.5128053651266421
0.5904690569406235
0.6126543684380844
0.4912985049775594
0.29905274694530637
0.21122952678420298
0.3138573598171977
2.091372585366222
2.4371170772267874
0.9762613062888297
0.8660696379246375
0.5950573328091076
0.5087290978144924
0.3196341719926163
0.43191264636273713
0.5083757980289365
0.5083757980289365
0.7800048358804224
0.7978869989898157
0.6725297009780893
0.472323489027605
0.43824906615297965
0.54944796501208
0.5743247372031394
0.6165712931439679
0.5128867314267176
0.6478685591088958
0.5461629717403584
0.5637635721457762
0.6968890373270815
1.113657214087639
1.6668807827736247
1.6256639823218726
1.444723684983174
