2.2108423204558996
2.6092218108466128
2.680253527782273
2.5871681192763236
2.327369173634973
2.2231682142453164
2.4056473211369904
4.589906292448448
5.202947174278099
4.924893119319487
2.5046062744834154
1.0833946905329674
1.2450535483610552
2.5011512426204288
2.4905298518997085
2.290813769516673
1.4083041478720435
1.62465242403906
1.8256413471287083
1.7982715103776707
1.6236037653167976
1.7087950722448157
1.9100108447628725
2.1284095619435335
2.0457636431930246
2.1508552069304434
2.1073485913728414
2.096516478018224
1.5677526304839424
1.121633705095926
0.8114207003279178
0.9209279094569489
0.9972245830268652
1.271621371367689
1.5597171236493161
2.072007707781707
