4.109553671432908
3.395013217834058
3.546732019513831
10.233587001927514
22.184456781382224
42.9918271517775
81.49451457207314
79.70545716376117
7.651123627750757
5.126334123891371
4.456427332184237
3.845013163253789
4.022543453438818
3.384646737472153
2.8699594988603137
2.5207986734380476
3.850325048925332
5.80969815457153
4.567699206438895
5.6546395422145785
7.692108004692502
9.424022232711001
5.509508771835464
3.2704018566298334
3.624638999488054
6.779211978223833
9.722960271871104
9.916351152716848
6.609505062759935
2.791026114885881
2.5707820961627057
3.1281548669797847
3.7474835955083403
3.3488639228000014
3.4264623261704035
2.6482175263929277
2.602757860912434
2.6482175263929277
1.823486432733304
1.560454555086204
1.3397479962917513
1.5007134466152403
1.8557824261310272
2.261772831980789
3.0132212089730808
3.126176846061232
3.2848117913928565
2.226515634642965
5.504261980845836
11.266225881221152
16.8201355616987
16.631022940984096
16.631022940984096
16.631022940984096
8.38729223643412
10.35100742538754
10.35100742538754
1.9157741398350192
1.7393741098599642
1.726011018417545
1.4108455654543277
1.4017053744332557
1.683062612858276
1.9126133739959803
2.270889298849643
1.9160772916907465
1.4067756614100402
0.5719215049033541
0.6829891483661898
0.7603023353024043
1.5789883844283974
1.6254816995573487
1.3792800684403315
1.5263217514620582
1.3651527085889512
1.390055296764107
1.6609710536482343
2.5111785119284677
3.3597528588710643
11.428545262337046
18.7143313599774
15.985891011808224
12.935492707217845
7.507586652240561
5.958863525099647
2.361221162184579
4.604588781221344
5.406026648592957
4.452414661651555
3.406530299065558
3.664429526663472
3.8239142992344632
3.9536339088423667
3.8461166898882584
2.055550101474158
2.1995934766405982
2.370596040789741
2.61256735736175
2.6682723850514782
2.5770808304665938
2.078967805631491
2.2002538332356654
1.837953245779003
3.2470219984543007
2.666982724106979
2.0616041301343553
1.045332645002211
1.1808490244380754
1.905329111537343
2.7053964735265654
2.4822261779434154
3.1643980714336033
4.877300458103614
4.541884348214544
4.963834684139529
4.131682150089299
4.338813036725369
1.580684754969299
2.900287997349677
5.028967083048029
5.515531696170362
8.024332416420206
4.385895136780047
3.435730942225634
2.355958384976749
3.665667779317896
5.044772538545617
30.33720152932157
39.7097912407681
30.4581372521405
2.42367444583533
5.759043195593886
19.644355672110528
20.82661530939537
31.96100588452352
34.42237198504408
33.82315448636922
19.897451705712726
8.36662139993594
1.3987298682306466
1.4289318669136128
