-2.2563891171389177
-2.6461039093174112
-2.862604988068055
-2.8622644461427615
-2.745830596205322
-2.6523974078219887
-2.6414551714089947
-2.6675861083654913
-2.652004179447879
-2.567773152738431
-2.4605365247663635
-2.400640523767223
-2.4228482598941747
-2.50584569947816
-2.596418190714177
-2.646915683597229
-2.637506041809897
-2.579320149816148
-2.507918393916756
-2.469404189612788
-2.4949118232348884
-2.5722747069668466
-2.642722662255293
-2.641292703564924
-2.5560797150896035
-2.448283875609657
-2.4021406354960426
-2.446359543977416
-2.527349029014643
-2.565425942548548
-2.5354667868164245
-2.4860950909975723
-2.4815290528239538
-2.536028247426421
-2.6113976685857683
-2.66791070883205
-2.700739311553826
-2.725320612051264
-2.745366922452427
-2.751054435318488
-2.741644896043806
-2.7294196693191295
-2.715390999343153
-2.6788306016421024
-2.608766046109928
-2.5389978031827525
-2.5276765428336705
-2.590822803045729
-2.670288539722529
-2.686505467198886
-2.622006460382572
-2.5370760419946476
-2.49839329595118
-2.507688424936764
-2.514016373533062
-2.485219213857045
-2.442917210197647
-2.4217778777275742
-2.4178399778220423
-2.4006736101781323
-2.369231059911831
-2.3653699473829715
-2.4164254455226004
-2.4817895469733338
-2.4833810601179906
-2.3928003554719637
-2.269349555149276
-2.199780940827361
-2.211303821796858
-2.2585256991173948
-2.2885609148045156
-2.295486920293443
-2.3029394034437685
-2.3146291185133996
-2.3073691014883027
-2.2701271061622323
-2.223528688121313
-2.1860603829129897
-2.1373844958519004
-2.0410396033102147
-1.9059729026845766
-1.8030378979672588
-1.8017328182980576
-1.8948988963750422
-2.0005826990829765
-2.0405676147160277
-2.007071950556144
-1.9499157611789255
-1.9128945634362953
-1.8982996654493034
-1.8896928390227903
-1.8878286571551968
-1.9074677167728735
-1.9430115884309196
-1.9558463072275427
-1.9104789686390327
-1.8236853098607508
-1.7664457796464181
-1.8032163932252403
-1.9226092337281186
-2.033681629345279
-2.0429476453930544
-1.9414257555367778
-1.8114249980483426
-1.7429698943381464
-1.749366780675981
-1.773036743586898
-1.7659096727282617
-1.7400529343158917
-1.7280040060852153
-1.7159504768601863
-1.652195792420815
-1.5280835434608808
-1.4165739006324571
-1.3966217868781006
-1.4477583372196137
-1.4592940934215912
-1.362581022704927
-1.2269341112873249
-1.1879266372476032
-1.2831715455683386
-1.3952494502121848
-1.3761794063247121
-1.2055571130973168
-0.9970575375070017
-0.8597019664178895
-0.7920344869924996
-0.7252909096693294
-0.6323833130164492
-0.5503698917397253
-0.503534366206255
-0.456620699449228
-0.37395708933463595
-0.29308284343906366
-0.28772134426579615
-0.35384060439325044
-0.3815018222377633
-0.27639861938200205
-0.08619688378285648
0.041676913302956795
0.03181016088006157
-0.034657678229589754
-0.03420700111548171
0.03507030805025398
0.05575074286757962
-0.04636870739991158
-0.1988532821704004
-0.2721062091654796
-0.231163019607232
-0.14489787578388566
-0.0637801354705196
0.031805676486715624
0.1300112306011192
0.11194484667285216
-0.11699699983724599
-0.4182441723105204
-0.459226890737506
-0.06919164583046591
0.46577004941932415
0.5890226096487935
0.053375886810288126
-0.6973354674809793
-0.8173011747358279
0.17998385744120615
1.901127502810445
3.3160820638574586
3.5805336458128285
2.7138401803343895
1.5374328376749846
0.9485275332649574
1.2006950513068149
1.8283344955641703
2.212850608380077
2.177548754504339
2.038981959621116
2.165097408492929
2.589386721064804
3.0718629057334406
3.4344572651825565
3.7264701123428243
4.07011279091264
4.457445439865942
4.77873397817597
5.006113585302491
5.247859731158494
5.592247687547523
5.964744402552169
6.2022575187800895
6.24575747383523
6.193623852375756
6.153313861951059
6.099421633769749
5.925071096651034
5.60473137663907
5.243136316523757
4.950757479880862
4.720658315633176
4.467234744707784
4.16011922393443
3.8653720309928996
3.646613590516435
3.4736025457843938
3.2669274695732446
3.012774122496313
2.7860910743741867
2.65027344051402
2.5712139754718684
2.4619301506784694
2.2967737381867637
2.143267554565371
2.0715893375799914
2.061380068694052
2.023996094601968
1.9070000447982163
1.7485160235476658
1.6221220633505624
1.551092732474413
1.4963525112272886
1.4178656752355114
1.320762725242845
1.232217400897695
1.1515400442886319
1.044473655916872
0.8876342415675081
0.7050433201381875
0.5537462833139866
0.4781786304271311
0.4816963553756761
0.5346601227844403
0.5990792009300625
0.6447041536526567
0.6527802570012062
0.6175030271950575
0.5490725608177935
0.4717964090723531
0.4122368320978912
0.38374946965503004
0.380599233677704
0.3877252132672279
0.3966750629319083
0.41061622922727303
0.43240847781576947
0.44984337120150036
0.43792800520708236
0.37954790990450016
0.2828612326959842
0.1754799620675645
0.08251813597079591
0.014571847086702883
-0.023702093761654785
-0.024686488171251783
0.008861288096957453
0.041444203953524016
0.013656785339495749
-0.10562628834985525
-0.2715156225146587
-0.38237141212647796
-0.3639061650617559
-0.23841565695246034
-0.10552801996427827
-0.05325162855518577
-0.09161385514874597
-0.1696712432226651
-0.2412576572537734
-0.30073495933498307
-0.36140939748306633
-0.4212432134650375
-0.4634696977052314
-0.4825853840704075
-0.49291609935669767
-0.508598563819398
-0.5280559398637622
-0.5470734634707582
-0.5775964140530359
-0.6369907485382251
-0.717225897289238
-0.780753965741847
-0.7994031046866199
-0.7902187101141085
-0.796776035570457
-0.8326526920600716
-0.8582652782211259
-0.8261205323842589
-0.7433957502692294
-0.6747342521540206
-0.6781471605946613
-0.7464612624065137
-0.8180917536626212
-0.8388611693350976
-0.804549134314491
-0.7488610919048637
-0.7077519929962339
-0.7032715969467755
-0.7464488350195878
-0.8315072840455459
-0.9207970826106184
-0.953439358522638
-0.8915148543987035
-0.7644178732469605
-0.6586382444379197
-0.6532492455597155
-0.7601980602440624
-0.922662933685811
-1.0635974511057387
-1.1337090949840398
-1.1259144980631366
-1.0659633753984392
-1.0001710007353217
-0.9803269081966979
-1.0376756753886829
-1.1593755365571496
-1.2951784037227825
-1.3966618379411366
-1.4522655092569845
-1.4819829927835373
-1.5014579205710574
-1.501282321662682
-1.467267474216058
-1.4149185845529868
-1.3913653381714712
-1.4356317444031994
-1.5376010583586026
-1.63855686416496
-1.6713006963143902
-1.5994620008571718
-1.423743260770736
-1.160586404518638
-0.8215784681238452
-0.41158761132827526
0.06001185090778443
0.5714994690463947
1.0939396095913512
1.6062383313463284
2.1090217190880747
2.6248284740727734
3.1779180188557348
3.7615774452122235
4.317791525767204
4.755106759911313
5.0031113198970605
5.06409533364906
5.014150305166555
4.945276061818407
4.894544469737421
4.821802434145355
4.655481673788991
4.365317094536192
3.9979309744558096
3.646070765427468
3.380808469860819
3.204922702913221
3.0622235317442894
2.8877094886214776
2.6535803242975007
2.3785750721530787
2.104081058828121
1.863888121353846
1.6687042742218297
1.5064477611852642
1.3493441782589266
1.1644691729345233
0.9298437643657871
0.6511706529785749
0.3643803209836326
0.11507005070023328
-0.07242128784009907
-0.20989151761634914
-0.3309964747122462
-0.46273737294368256
-0.6091885920503646
-0.7570692007706673
-0.8897012515229812
-0.9939486937628089
-1.0613311137537969
-1.093280490088956
-1.1092628417435861
-1.1439201749536745
-1.2272803382899455
-1.3628069303495889
-1.5239878776979783
-1.6719476009622438
-1.7765329685866385
-1.8253609050980506
-1.8232919986211469
-1.7926469629537733
-1.7730037569355945
-1.808475495539528
-1.9202875641376287
-2.084315175341528
-2.2384020536865403
-2.3209186402875046
-2.311934077316175
-2.243460295181863
-2.1717689462864067
-2.1367785359929155
-2.1409724873433467
-2.1594433341996386
-2.166123761779309
-2.152620715328939
-2.1282640634931433
-2.107486644171277
-2.0976793807708507
-2.0951687330540443
-2.0885933324406554
-2.0660370799894627
-2.0233426174906035
-1.9701837666652948
-1.9280289346192339
-1.916855407898248
-1.9375102581132937
-1.9648759918821668
-1.9620876782533272
-1.9088838239810983
-1.8228073081193403
-1.7547742425259665
-1.7590685562136295
-1.8564715140948271
-2.0140265907652672
-2.1552113067734817
-2.198443903417804
-2.106411615296073
-1.917438301491045
-1.7318230123773404
-1.6508882817022619
-1.7057581112831888
-1.8323917466334445
-1.9199844561857045
-1.8979381650776286
-1.7891806653557858
-1.6850727455456018
-1.6662693538917168
-1.7388812115358034
-1.8358902512986277
-1.8740562794062445
-1.8143709931299172
-1.6816430398336906
-1.5386545021894866
-1.442779358588297
-1.4159174655607298
-1.4404754239043978
-1.4760011087353988
-1.483918561960984
-1.4480118069994958
-1.3804198107143244
-1.3089321705625925
-1.2537138436798687
-1.2120792835483583
-1.1652047281423987
-1.1004514696108907
-1.0261829948277312
-0.9620989713236456
-0.9138202324147038
-0.8596493449894305
-0.7677180324323625
-0.6301500522966123
-0.4799239879682427
-0.3703372398659513
-0.3338408677240137
-0.35752290153628324
-0.3944140014285547
-0.3944489902536623
-0.32653069349154046
-0.18351218223617344
0.016902241076987262
0.22996139091674858
0.3961116367774285
0.47777046179681554
0.4944651345131941
0.5125848675797536
0.5861926247104132
0.7066617146725331
0.8205937328055982
0.8995558239928809
0.9782767424248794
1.111203919105715
1.2995609837442188
1.4828628857706287
1.6087236147619817
1.6920019127308072
1.78725215775648
1.9151774984984036
2.0465179942159266
2.16398238832532
2.3060511999331936
2.5165606037530748
2.765137547900435
2.964619235962958
3.0835587617307945
3.1976761542035796
3.3788371146680074
3.5498547569346783
3.532240802605678
3.298679894898797
3.139791546396102
3.464709503042306
4.339625142530602
5.222096753877026
5.244299388223946
3.8894604201369916
1.492031267645892
2.3207432357206583
4.2834462294600835
5.317012527697756
5.195097490039462
4.482830007338133
3.9700571782132377
4.0104864261296385
4.3604819443449365
4.573043323017199
4.468847732841887
4.219202480215276
4.059515480031658
4.029055315785056
4.0092214589366035
3.930796968047391
3.85347249144536
3.846143594667096
3.8693313393207114
3.8266209300050558
3.697880226050892
3.5593618999132466
3.467336486242787
3.3754422176674317
3.202325523172583
2.9514042394384052
2.7127524470803266
2.543734800336401
2.3941245110867686
2.1794667888091217
1.9018994441218384
1.6526168566917274
1.491808271361422
1.367903340405266
1.1839650985897925
0.9216263700550301
0.6593024813438086
0.46587817546352833
0.31439989169283644
0.12580046639815382
-0.12467558031503656
-0.3838906902921855
-0.6055996324107746
-0.8201072315023347
-1.0884579593210681
-1.400597671799182
-1.656685256671755
-1.7650536333852114
-1.7401979016566709
-1.6845007392927926
-1.6822849045517763
-1.7344800244944376
-1.7964806602650574
-1.8488915963184194
-1.9052484835636276
-1.9623129199920075
-1.9793577251012398
-1.9252509728816267
-1.8294904502130025
-1.7611583288361536
-1.7551679485307807
-1.7775251685173261
-1.772613417163561
-1.7311676225372175
-1.6949857801512804
-1.699308654210638
-1.7314056219452953
-1.755402587739729
-1.7632332043976118
-1.780980218769798
-1.8244753442305301
-1.8672063657843392
-1.8662291361283052
-1.814474386210309
-1.7532053660411269
-1.728817263460486
-1.7461328553646245
-1.7711379558163773
-1.7741540070041355
-1.7596731042500358
-1.752252422298757
-1.7628623231305751
-1.7778243555443314
-1.7779482329912215
-1.7585320133129079
-1.7268412418230883
-1.6879365084180498
-1.64343748842857
-1.6045602493637725
-1.595800096861242
-1.6357563315816275
-1.7144331740981564
-1.796633249231775
-1.851826499612168
-1.8778276009499406
-1.8917053020582653
-1.9007547141651924
-1.8905442405214754
-1.8453670216586573
-1.7751137925617295
-1.7132643480675855
-1.686302926028486
-1.6916074157015042
-1.7111356967348688
-1.7419773989829452
-1.8009182921125237
-1.8926430076357468
-1.9818594717775317
-2.012329988887703
-1.9615091141719658
-1.8723717959311224
-1.8234845656591516
-1.864256880360347
-1.9785327695151815
-2.106645505715786
-2.195725775017303
-2.2286719219578814
-2.2165834061811793
-2.1782355448618325
-2.130084459686264
-2.084682749789548
-2.0458669101061604
-2.0047788155857678
-1.9500367136983348
-1.887367438521334
-1.843503515425611
-1.8418942969280199
-1.8744945398921617
-1.9056154135844674
-1.9081576389525257
-1.8908384010953228
-1.8829492054946306
-1.8951197059972649
-1.905332043894926
-1.8878945395113806
-1.8484583277896898
-1.8206503963818659
-1.8287221666430529
-1.8623165997934128
-1.8919481548316996
-1.902930462510774
-1.9071651738289634
-1.9249648187523252
-1.9648772456557737
-2.0229802468116973
-2.091129871461024
-2.155487869086632
-2.191467283781244
-2.1762432154082583
-2.1158891321342828
-2.052991543214301
-2.033347949636038
-2.060800474429151
-2.092843513990483
-2.0876778118439647
-2.0514033006928734
-2.0300760567678395
-2.055126550593238
-2.1061813047869196
-2.134734111579703
-2.1209510904994193
-2.099737497086093
-2.1295829980717427
-2.2383601046770565
-2.395313298389187
-2.5232307054617644
-2.5303383352752986
-2.341315013249459
-1.9224919027511986
-1.2973718659277627
-0.5394161446258112
0.2635900770516895
1.052781532910729
1.8144639687231119
2.5573936361114376
3.2772511190875813
3.944687664730113
4.523993606468209
4.996289517363756
5.362333572538639
5.629171165570371
5.80241247719638
5.891795605432128
5.915043296807431
5.886735843783844
5.8029843305471545
5.644942165849998
5.404499958635825
5.10659986228959
4.802177578898833
4.536869122410118
4.326328493430544
4.1592535145018665
4.0182351906860365
3.8940808387559454
3.7840929516327604
3.6850420443042826
3.592307613210779
3.502842880742973
3.4138207240940828
3.3182213880441633
3.2071001296679498
3.0810204956820213
2.9583886917353714
2.8670200473979124
2.8222499510813646
2.8111621897053203
2.7982803007423804
2.7478092074651173
2.643927554642692
2.496508196697958
2.334368813189545
2.194217622325173
2.1086586739661204
2.09311966758473
2.1362335216507
2.2027234484031135
2.251458308399773
2.257705157476929
2.2230736031578506
2.167150446447617
2.1110643957868183
2.0680926098682497
2.0456206325332
2.049382140432291
2.080193274317077
2.125434093472044
2.1573549295347245
2.145502407164295
2.0760563311937736
1.9629797865597527
1.8429542704046484
1.7591815056231563
1.7439841778257605
1.8047914232793407
1.9141888403426417
2.010193619946943
2.018342019145993
1.8959454395715865
1.6726810154972116
1.4484211346916285
1.3347940124872724
1.3778089343490016
1.524782187316077
1.665766447979237
1.7147150569884362
1.662927412540876
1.5677042055145878
1.4973803691820444
1.4825625725167677
1.505055661565954
1.5205162922444424
1.491801064121441
1.411972392905626
1.305969002571953
1.2114941707710047
1.152777862689858
1.1277792055824694
1.118600992469653
1.1120363892245444
1.1068230617329495
1.1009015835873832
1.0778450597530922
1.0146295403421386
0.906825190021033
0.7824965663163125
0.6844836021028907
0.6353517373323371
0.6199971202587562
0.6024871093433614
0.55772038788903
0.4867127474205819
0.4071794677377865
0.3373331015397963
0.2900653643521867
0.2746769350227577
0.29427579723635633
0.33879820920401915
0.3855477453816436
0.4122676566765231
0.411610004540126
0.39305276647168197
0.37228891941177444
0.36011323188693584
0.3591577527666999
0.36591024360891733
0.3729278155965235
0.3722341434847721
0.3622909585304792
0.35293505701625305
0.3582688894281258
0.3788093748551859
0.3911470346875066
0.3622456789517207
0.28093130754649054
0.17666704915785134
0.1035279888792099
0.1001085584709673
0.15928564238939918
0.23181805028022354
0.25797003650293093
0.2023997909824643
0.07193294763816337
-0.08930555072990175
-0.22269578191877656
-0.28590293635951836
-0.27640432406240006
-0.23209113504798104
-0.20633082234541544
-0.23515140376117255
-0.32094743821924976
-0.4406598056284067
-0.564170064674545
-0.6652722142010372
-0.7234944829659825
-0.727080199303928
-0.6807349547994247
-0.6086605529281622
-0.5442489949209165
-0.5121436021649338
-0.5169288834721493
-0.5451248683179457
-0.574881209405298
-0.5857877207207779
-0.5675480561103203
-0.5279674614577914
-0.49472867326670966
-0.5030320190828699
-0.5710140226475281
-0.6794356243106511
-0.7752732960970564
-0.8035887751182759
-0.7485380935910992
-0.6520135155850114
-0.59045646323363
-0.6215746377347409
-0.7395696223147261
-0.8755061924977526
-0.9459098465421854
-0.9132794755183878
-0.8111219638739766
-0.7148940468192022
-0.6848794662570166
-0.7282611837462051
-0.8072791332354861
-0.8785623814476464
-0.9245281498153465
-0.9518044857232146
-0.967401351931926
-0.9643122478218012
-0.9342467206123356
-0.8922675586156115
-0.8815281499595116
-0.9444030426072297
-1.0817997025084325
-1.2394874648887706
-1.3397183320828323
-1.3356693969599518
-1.244190959453183
-1.1310870612396418
-1.064381138696578
-1.0747543803418589
-1.1490968797554781
-1.2514037289421152
-1.3471019412987915
-1.4141420620063962
-1.4423783004504125
-1.4316012243841099
-1.3925221104553334
-1.3453304826956232
-1.3106133398298132
-1.2974334120385627
-1.2998980709590089
-1.3065464834071203
-1.313134658204108
-1.3253857374923395
-1.3497085297322806
-1.383531412475419
-1.416339627714779
-1.4390595003694715
-1.4506469472609078
-1.4569306127797035
-1.4671535139455267
-1.4926480686600245
-1.5429979712888875
-1.6153474344030703
-1.6857473766819562
-1.7182108416159105
-1.691959862733712
-1.6241452499242943
-1.5634367702066074
-1.5560819146271978
-1.6130973685584584
-1.7055722208410276
-1.78775019689011
-1.8253408426148605
-1.8100348390105732
-1.758952724387491
-1.7058366235841143
-1.6857715481401832
-1.7148180155868666
-1.7774234923212027
-1.8384862221360525
-1.875739840700755
-1.9005674750244814
-1.9408150710773995
-2.0016792436811306
-2.051562999249875
-2.0549594818005548
-2.0173920808408012
-1.9877253369528667
-2.0096561380791322
-2.074219297043134
-2.126499430931543
-2.1196778207476554
-2.058211062801655
-1.9868745337876232
-1.9419804890828254
-1.9162914566120424
-1.8670991163912325
-1.751379101543661
-1.55320623793634
-1.285976614339141
-0.9764536313721852
-0.6460445536606556
-0.30045309953284155
0.0672417396516517
0.46269276457656977
0.8777978632221791
1.2928476769901647
1.6914820831985908
2.0695241232065245
2.4228903604806837
2.7255991588642754
2.926996957115644
2.981833412575636
2.89018453069154
2.7074898618044747
2.5106681042915033
2.349228273275001
2.2239417469503024
2.1056736443270223
1.968268152112319
1.8041117951329235
1.6188073817846378
1.4237835470059144
1.2372061256171696
1.0823783882016418
0.9723734632899134
0.8920280933745544
0.8016508647661958
0.6681334779428384
0.4968727162941678
0.3307245818711815
0.2125016039457457
0.14513763659636894
0.08842676583346333
-0.003507681336813249
-0.13983585739899726
-0.28616220771072465
-0.3974495905687145
-0.45514659371625305
-0.4720376645265749
-0.4673069648593162
-0.4474469543853776
-0.4154231287852562
-0.38814975903824667
-0.3883465761312484
-0.41366553040070836
-0.4251656668693934
-0.380353297539622
-0.27803365351775483
-0.16003498295901247
-0.06524954097883312
0.00670682254702513
0.0759563397922517
0.13582216705611824
0.1479907399713884
0.09366864830427872
0.015011556336666568
-0.01383698915388778
0.04319892218957604
0.1575374055598051
0.2797832141045896
0.3877576477700195
0.47532948150720994
0.5159077341452181
0.4821718979145116
0.4173515145571523
0.44662295702475097
0.6620058916343167
0.9885122859007758
1.2162150982654978
1.2182275245710295
1.131084605597219
1.2581251742919166
1.736955787567767
2.2988465470333814
2.4069810867104855
1.7012402077978204
0.3571065627372899
-0.09895856809382475
2.2039052611204615
3.506857229895042
3.517554385448268
2.769647840408014
2.0894934899509376
1.9300821044984402
2.1534911427980683
2.359029333920017
2.3343997380795702
2.176747116675337
2.0624568851207186
2.0154412141267994
1.9366363788635117
1.7878759033623863
1.6543454546528604
1.616785663098654
1.6321647339643224
1.5932432248696762
1.4790601585891374
1.3856383572976583
1.3972607913815251
1.476207325142692
1.51640071458937
1.4803243749130417
1.433335049585463
1.4398401912506205
1.4738824236571364
1.4652238499392525
1.4062296096539229
1.3625824395835395
1.372152011863632
1.3776664920827113
1.2934890929993925
1.1193428018638278
0.9457394770815952
0.8416879912194576
0.77434660234963
0.6655498788225404
0.5047778447242592
0.3650693104218405
0.30355901386747247
0.2845000455204932
0.22922443556734512
0.12455298501874217
0.04405433456447952
0.05491400330543252
0.13353573850746803
0.1966650629448172
0.20149522814777943
0.18465548248133748
0.19916635143406033
0.24211531845238757
0.26763151635421156
0.2584983046970572
0.254014829307065
0.29740964669296466
0.37609206808130524
0.4340334771061171
0.4372029433567261
0.4070292675224432
0.3860490707525173
0.38852791189731584
0.3976007222951269
0.3988978585512012
0.39511073752371034
0.3849509330444254
0.3485963316055025
0.27225487369140094
0.1816683423518346
0.13115567687261137
0.14919092042243545
0.20248995340126505
0.22475382325236531
0.18062132849850407
0.09486143445648448
0.02003045717255645
-0.014290067173532794
-0.015522351845830082
-0.0020232286868114274
0.021296317189078345
0.05689063883974357
0.09429452778537807
0.10885627026919928
0.08473274231435893
0.03430193436260786
-0.01073372114062849
-0.028074995932940126
-0.022574404803512287
-0.015551560492237673
-0.019562931515865408
-0.02612591554367704
-0.017180408827102985
0.014817436529066435
0.060029926931999496
0.10232048632827895
0.13328082157830523
0.15394717836163616
0.16637204189590177
0.1696334990408193
0.1663832301123225
0.16824287296478727
0.18693933178538288
0.21827348147930054
0.24147925913073456
0.2419298183460788
0.2338658212072352
0.25270687987213186
0.319047305171979
0.4126688851456824
0.4883548462280322
0.5191611681066239
0.5207337866417662
0.5317958030209045
0.576075996366072
0.6494430079613632
0.7419536489735438
0.8620588434185765
1.0316357232554396
1.2602674891495749
1.532295887432575
1.821215860453941
2.1126662493098127
2.4130805189859963
2.7437991457636213
3.1322965203493585
3.600195571496049
4.141633532160462
4.705275141295476
5.209217208674469
5.592219530768272
5.856977506925996
6.055646858596255
6.22577731838963
6.343593075086945
6.34663545449525
6.2004220305790385
5.934301314160368
5.609667933672854
5.262705455325833
4.8884353447445354
4.477078584973919
4.050378801072998
3.6513970057417815
3.3025290421784015
2.983406062943246
2.651964766279076
2.281720534559656
1.8786164962323793
1.4729037981764428
1.1050598259084956
0.8136382432619099
0.6165902100835605
0.4892520227503643
0.36479460247349976
0.1734957079163502
-0.10518987166808218
-0.42721477020704446
-0.7223467262786416
-0.9484889502792724
-1.1109564913416488
-1.2384208858688819
-1.3513114094546077
-1.4537137913318845
-1.5427412989309914
-1.6133859395909405
-1.6565851568515597
-1.6651815467754103
-1.6476381886450728
-1.6277823177102313
-1.62034364491246
-1.6074634588736911
-1.55001104468004
-1.4293130918400851
-1.2745570484546827
-1.1425374541567972
-1.0695968105091194
-1.0464220951439673
-1.0380517512363638
-1.0206690317762366
-0.9946528555778207
-0.9685749517281091
-0.9423654678284124
-0.9103674992375632
-0.8740233484545248
-0.8432531535878572
-0.825185010836264
-0.8170935966440459
-0.8122536354841685
-0.8081023865824126
-0.8050069817229445
-0.8006672227217663
-0.7921335045785193
-0.7832250960213619
-0.7828952118381267
-0.791874234173869
-0.7956936344189371
-0.7792007261652624
-0.7494127806646002
-0.7367426349957565
-0.7659183977874401
-0.8253049864961284
-0.8707042481667212
-0.8646772753207544
-0.8136189275588387
-0.7661401711411862
-0.7752185274429113
-0.8594972926513614
-0.9941277561015711
-1.1311193887105686
-1.2276856430186198
-1.263790441688672
-1.244453373704297
-1.1915082741226708
-1.1304939504662
-1.0774112718687414
-1.0305979190278507
-0.9727422241202094
-0.8839863219676157
-0.7595768254397237
-0.6196995705799728
-0.5016131611130521
-0.43633720164679834
-0.4258098199174306
-0.43906719666615457
-0.43263882381707425
-0.3807435112645484
-0.29243686039755584
-0.20380620299106358
-0.15327880764606489
-0.158689438431353
-0.20910301307655463
-0.2723396944251993
-0.3122514114795516
-0.3079159137034912
-0.2647656660308274
-0.20847983805689535
-0.16372432909825255
-0.13543545746260424
-0.11077873620238018
-0.07866178926168468
-0.04337999675236315
-0.01642712519703998
0.001278003712574109
0.021900745371121324
0.05414624823413998
0.09104434438556559
0.12069031746586129
0.1462990530581485
0.18602181291487166
0.24800715334206808
0.31143204748696723
0.3417529542870061
0.3273383560468049
0.29564272437302774
0.28846208903281145
0.32306830514873697
0.3813872572673099
0.4347740831595793
0.4717222241477397
0.4992819601667814
0.5267048482586678
0.5589029728431949
0.604787454097175
0.6788418794976059
0.784904661206114
0.9030081708243478
1.003166164906356
1.0750425857148174
1.1373371597790882
1.2131731634450482
1.300751880746569
1.3755302672871064
1.4210750207650718
1.4503282089804872
1.4915962314326747
1.5567355625037367
1.6286421370252715
1.6799746155029127
1.699335415288263
1.696984988556968
1.6888957677796792
1.6803321966387712
1.6650904081603248
1.6361903158574966
1.5938555637535523
1.5445569540532125
1.496338503082011
1.45639675079692
1.42986776548749
1.416550347602243
1.4082645558507323
1.3934628439609331
1.3687525481620932
1.3458562823911542
1.3428853906649008
1.3646176401765486
1.3914867377764752
1.3917406465347653
1.3477258959784961
1.2705308931806862
1.1878503758568082
1.1181619970010719
1.058745866161128
0.9988865777836509
0.9411019871051728
0.9047578667812615
0.9067441389110893
0.9395426304139749
0.970365937048714
0.9640425204488408
0.9097371825553564
0.8290649010258285
0.7603821442462408
0.7329421590029883
0.7496249354014634
0.7880297201649963
0.816997568339518
0.8172781489712078
0.7933167530915469
0.768143698264772
0.7641599958570748
0.7837300906495467
0.8054751387117187
0.800409623163145
0.7548785348058967
0.6808701630094457
0.6060811925158041
0.5544115352892403
0.5333370044731685
0.53378908761842
0.5361503081723854
0.5167807585882331
0.45722333706749557
0.3570370784569868
0.24034245694557888
0.1435409129171712
0.08823860890601773
0.06328949837188597
0.03655975059504498
-0.012095511148172651
-0.07035327044331452
-0.11006540274500144
-0.12731776716584312
-0.16323096039447635
-0.27603342827257354
-0.4821757548363114
-0.721520460801286
-0.8892384965606498
-0.9184245096733261
-0.8428747756142095
-0.7760707583601723
-0.8163462760212725
-0.9637889988298508
-1.1296946614932915
-1.2284546688836604
-1.2569079636490155
-1.2821643514364103
-1.3597271228436105
-1.4755101709773937
-1.5697123465584581
-1.6057855829661247
-1.6050750601897754
-1.6172114695950472
-1.6696024701094736
-1.7523571186685956
-1.8447737763969045
-1.943084569098448
-2.0563699187112126
-2.180498613530121
-2.2857189966622964
-2.3366833776715503
-2.3270011905155754
-2.2936949460525327
-2.295711242649482
-2.37427514422314
-2.5276557176398073
-2.71592548172529
-2.8827363643029154
-2.9719046594147236
-2.933641859944188
-2.733752339010709
-2.373011753527996
-1.9000711645386261
-1.3934972992733583
-0.9152492184626168
-0.47336740301930497
-0.03181848338147126
0.4381236905411355
0.9140541828354192
1.3298616225802606
1.627673144996407
1.8054321351789162
1.9189022811206278
2.0404622699826453
2.2103173454757417
2.41389174360311
2.5955548267530006
2.696731722968616
2.6943868449305817
2.614531240315857
2.5094995621512592
2.4154123463447426
2.325817787155536
2.2047736475353137
2.0246382705730728
1.7900063178738579
1.5274395081136147
1.2601725542539992
1.0000577916993505
0.7602965327687957
0.5610817527978822
0.41032245568968584
0.281633969031527
0.12574772377376758
-0.08591258222137046
-0.3307324841073862
-0.5540443350490536
-0.7195747110479104
-0.8386591359378202
-0.9528701440541237
-1.0964745262605564
-1.2783502849880528
-1.4896852800404292
-1.7141975933770757
-1.9277348226365576
-2.1004162319144353
-2.2139271667265294
-2.2799851054597506
-2.335214405014235
-2.413107304738929
-2.522653072403123
-2.654643336258491
-2.8004697317358556
-2.953943555978946
-3.095029212728948
-3.1862017714378172
-3.2004001122534276
-3.1555786229073925
-3.112762380413527
-3.1306117985787387
-3.2188631129000256
-3.3360694778839695
-3.430044808642975
-3.4773645692915403
-3.4867105559405207
-3.474164563780227
-3.4448897982617064
-3.3998031640896147
-3.352750252352897
-3.332388015881493
-3.362179542177665
-3.4368937696135102
-3.5184781464285555
-3.5561965513795992
-3.514920961640593
-3.3907424817617238
-3.2063184103993363
-2.9942765375222966
-2.78060263552189
-2.573057184546569
-2.356043454837554
-2.0970380276105742
-1.767774530590938
-1.3680568221081761
-0.9286918241789336
-0.4855519365405698
-0.04945679959007756
0.3939233647321997
0.8528911817956882
1.3058568574689335
1.7176898968242809
2.0781259471945632
2.4099572289909
2.728132592987837
2.9982424112631616
3.1561006155167983
3.1790117015526014
3.125949392904564
3.0891832831823125
3.1053315552524694
3.128169557954217
3.0917458042641193
2.9806998906063567
2.823422648271333
2.636339796294632
2.4164890179526752
2.2000518882308655
2.084395801833209
2.136358388577027
2.2758504035504243
2.3090883811096417
2.1352478392511682
1.9134291467255562
1.9572042380352903
2.398747714471442
2.950407190228164
3.0514620794545793
2.325300673111601
0.9469372982792085
0.3666649859349821
2.5595440686121136
3.7029550835176033
3.52723677482504
2.6585834352290747
2.0054333339066153
2.0079348255998686
2.4140525274966604
2.691169662988875
2.5785763822882055
2.2395391543192456
1.9696483188537923
1.8711192352815742
1.835734081561415
1.7567567882165143
1.6555149440345605
1.5970347233178903
1.5683408185303922
1.504481366499363
1.4038891918178131
1.3439426600231028
1.3643336200006528
1.38896600336206
1.310116561184143
1.1284660954301564
0.957014133458349
0.8794175457799063
0.8516382300238272
0.7757675790629326
0.6405031094282106
0.5364316288658116
0.5307781170310637
0.5789399549233214
0.5949704556839397
0.5802140781096038
0.6268524244568937
0.7833636081010172
0.9593276670690342
1.0014542932656774
0.8541304844261781
0.6136891551437532
0.42245192759623873
0.338741910242918
0.3240965717345963
0.3265706272755966
0.3337945700409152
0.34303251843705734
0.3223990001458726
0.23837539788096412
0.11237685750862217
0.01429683115083916
-0.014457648800775968
-0.011647950677915207
-0.048027185286592354
-0.14005562483289075
-0.23326485367348496
-0.27658540587610536
-0.2900909366587566
-0.3392878067071441
-0.4510288389129489
-0.5784051971779309
-0.6553852470590044
-0.6692867310772228
-0.6642650978995928
-0.6812682430038165
-0.7146694738619346
-0.7332570340167536
-0.7270614243064474
-0.7159393822036693
-0.7150799652994166
-0.7100526963739409
-0.6756118227469678
-0.6109213159846241
-0.5443013758273859
-0.5038131084345838
-0.49293907395310904
-0.49840437050928205
-0.5129023671516381
-0.5401272625663747
-0.5786938623609933
-0.6116890136830914
-0.6202255140349884
-0.6063934916814888
-0.5970208731279725
-0.6211236696804541
-0.6836048453356691
-0.7613714054110725
-0.8238841121875473
-0.8569014560089611
-0.8694525442458292
-0.8836348373230455
-0.9205672989353297
-0.9917841210729901
-1.0946315557896675
-1.2089342417725812
-1.3000847595248395
-1.3357027023841492
-1.3102908865992409
-1.2570506831514623
-1.2299835710349238
-1.2658797583285624
-1.3584833736450472
-1.4670931701901657
-1.5459895768698284
-1.5606964385803863
-1.4787987948994135
-1.2605985632987513
-0.8776424298508104
-0.34671899949806445
0.2651421055155118
0.8845958667213383
1.4861485244600474
2.0977001679921226
2.7484602476063626
3.415015193783221
4.023161536778812
4.4990359590134625
4.810700436650061
4.961802696770747
4.960989088681373
4.814272301874588
4.547541861902266
4.220666603544249
3.9036036417407782
3.634125598935269
3.4012853709613577
3.169577368541882
2.915734641414671
2.644710885679429
2.381452032114908
2.1561749729707542
1.9918259601715198
1.889856884021033
1.8206346284102033
1.7381413803934784
1.6200738086349593
1.496123461626379
1.424006157651617
1.4254738938909188
1.4474498928982504
1.396804625402913
1.2204117889082566
0.9515652084322372
0.6796642547617077
0.48007144506125543
0.37283929483947853
0.3342184537606465
0.3277188159098223
0.3192769139077142
0.2802070286212663
0.1983269437959174
0.09183901879203137
-0.0004902047303137561
-0.05544011674677643
-0.09091795768652229
-0.1481298752714882
-0.24736339061642815
-0.3674699784597845
-0.4705938124068257
-0.5391017517717623
-0.5811484849201571
-0.6062726743396483
-0.61096583041115
-0.5950049931763994
-0.5809156229139604
-0.6002663316686517
-0.6563719799606705
-0.7115526420849025
-0.7223135378062564
-0.6854019470771793
-0.6400536641270685
-0.6227181825332138
-0.6275521762821118
-0.6182882828181722
-0.5757759547733772
-0.5258262959656326
-0.5174510608428349
-0.5763867553737326
-0.6804408819646379
-0.7761483977055547
-0.8175302949468609
-0.7950756447379932
-0.7380847875391602
-0.6941433524603444
-0.7002982458506924
-0.7620997194859007
-0.8530504531399568
-0.9364320562256728
-0.9948117726785594
-1.0427685535301652
-1.110047108496272
-1.209618520398387
-1.3210044436403288
-1.4047326596626442
-1.4329290349234318
-1.4069502048428995
-1.3494562669159047
-1.2845667122519233
-1.2267689554288792
-1.1837490667983201
-1.1622071787251282
-1.1666390417264543
-1.1934791283626351
-1.229791462228408
-1.260041124926427
-1.2749594936174955
-1.2743561794232563
-1.2625255165995637
-1.24270106915519
-1.217359160091473
-1.1935761654665178
-1.18548878733547
-1.2080002937016179
-1.2658402928442332
-1.3483782237520656
-1.4350268255600194
-1.505123457571314
-1.5435793792489105
-1.5419053146900552
-1.5007189920367958
-1.4344668559364153
-1.3700101435937577
-1.3333371044082065
-1.3322388571258492
-1.34955481109254
-1.3514682547726196
-1.3007518736888188
-1.1640032446796653
-0.9141228253199168
-0.5366049573614591
-0.03999765229396863
0.5414625933374606
1.1625061260966718
1.7898458041263359
2.4114644098147524
3.020716068973827
3.59012224335728
4.063805999248156
4.382120441988928
4.520534178418314
4.508397197427621
4.4092310418922755
4.278128719122974
4.131409059782161
3.9512828055669766
3.7175470903809757
3.4377339006780883
3.1517327793597305
2.908592457515992
2.7338507838331947
2.6123873409051557
2.5008722093692124
2.3612018963543093
2.1877989515107337
2.0053196121006085
1.8400909958556144
1.6941732343316647
1.5477851798744942
1.3855486082255242
1.2170477077330801
1.0700247768421653
0.9654160969217067
0.9016022603654671
0.8613250069830297
0.8281966078539026
0.793238647037557
0.7498559564454232
0.6910619289886538
0.6154843219406936
0.5322451668032717
0.4550813711715685
0.39271573596949544
0.3490914001832574
0.331133997078236
0.3464414987069543
0.3857091150254246
0.4123193506251847
0.38354870229174065
0.2921468405015305
0.1846034079407467
0.12857274526234902
0.15490851082778578
0.22984991510323022
0.28422645091758825
0.2704999464186357
0.19529023759341732
0.10457992084790582
0.04395332012380908
0.030891201185596597
0.05453835958151134
0.09167077162430037
0.12185454308605835
0.1351277169020125
0.1329256337950063
0.12285941726923452
0.10990328619843262
0.09196263416726944
0.06566341273139607
0.03602266920326383
0.01676904066916848
0.01831194658070531
0.03619269342313261
0.05352406991950181
0.05507214854766229
0.0381698403391793
0.011151292517100937
-0.015194209308215023
-0.032402940542673266
-0.033512793394669296
-0.013786708608569795
0.023684937050920254
0.06493409620817497
0.09307114588298719
0.1029015299381796
0.10694581435820573
0.12407574490339468
0.1601377717733688
0.19926960007453168
0.2147202470317277
0.18974005058319654
0.130758165743382
0.06312276115501253
0.014947209428455031
0.0029095586113545304
0.029073500226598922
0.08641107082238525
0.16442557080700052
0.2499975808339646
0.32634648771676955
0.37578990639125465
0.38741803720378515
0.3642629472343502
0.3227436935720812
0.2822810261765491
0.2515025363310545
0.22246580664136964
0.1799156705855454
0.11990217073807159
0.06144764473219122
0.03795768784310454
0.07172537334145436
0.15100489233004355
0.2295104949058826
0.2516401635083249
0.186987776907082
0.05063008480822044
-0.10408313207014953
-0.21492292061525295
-0.24388653781972847
-0.1952248332208116
-0.10973221177047349
-0.03992645283836483
-0.02063104368169884
-0.05173557365319987
-0.10289925177577472
-0.13635521597725395
-0.13177307213289124
-0.09577482644687373
-0.05086740953449095
-0.015345069382980702
0.007531148276437374
0.02295243714564463
0.030534069912248753
0.020716072732178428
-0.012252643094214406
-0.055100015949785495
-0.07887351907440562
-0.0634614332695625
-0.020477097006490756
0.011301944484170665
-0.0030045366525723112
-0.06624546554782813
-0.15080912930467594
-0.22535858348310261
-0.27821089991233444
-0.31778302729926106
-0.3575135852710023
-0.40443212792743427
-0.458247348298915
-0.5135776105295661
-0.5605174793243876
-0.5888034083929554
-0.5984711612692426
-0.6062709811830981
-0.6344111016167915
-0.6870991271813943
-0.7402346129522569
-0.7617786077106118
-0.7471394031093405
-0.7319868928157498
-0.7633831127401667
-0.8532048268588722
-0.959344059610848
-1.0154336115150084
-0.983997898265618
-0.887351870066376
-0.7924136658316014
-0.7642117220851828
-0.8231964675445471
-0.9336714096006788
-1.0285011193796403
-1.0536921500433134
-1.003555615165562
-0.9209598053279596
-0.8616707103068026
-0.8520090139213683
-0.8758270576855843
-0.898831299809488
-0.9022203981286677
-0.8921413095945467
-0.8816944622458943
-0.8723140270387137
-0.8571231604909095
-0.8383271080715518
-0.8327445040371406
-0.8555437141573553
-0.9007095533517089
-0.9418894957380717
-0.9538087528080534
-0.9321915208333602
-0.8945044603027782
-0.8655960331086351
-0.863737281507169
-0.8944377864286309
-0.9486420742398834
-1.0038623696219757
-1.0336778811165162
-1.0260726457181242
-0.9965412295549408
-0.9792251230592928
-0.9989447340922525
-1.0491333899639264
-1.0974802448731984
-1.1134276722612289
-1.0907805523530782
-1.047506902300262
-1.009782111210669
-0.9980701670225427
-1.0217067261864945
-1.0757254456396739
-1.1371949701557627
-1.1694984330750355
-1.1415130672513956
-1.051996610142606
-0.9375245228362936
-0.8523955365304092
-0.8335675363416668
-0.8780570789020437
-0.9495772278014722
-1.006272786585675
-1.0260510556491285
-1.0124992321422102
-0.9833189103798784
-0.9556233429475144
-0.9390562488750939
-0.9359593961572661
-0.9418856147783345
-0.944739117906377
-0.9277544967729049
-0.8790081001211938
-0.8001465269501136
-0.704168979587282
-0.603938350067426
-0.5058190361452743
-0.41670200594011897
-0.3520207987876493
-0.3264313914906764
-0.33213579704224716
-0.3338515855483109
-0.2956385052863652
-0.21330151691838856
-0.11250806145868934
-0.013288793494892901
0.09259014476507028
0.2188277948542767
0.34617080494139757
0.42639780643316394
0.4354922947421304
0.41321229997343195
0.4328763180874501
0.5283206484292694
0.661031267777696
0.7642201376617456
0.8088234223440302
0.817331497914202
0.826376530328232
0.8615118273691634
0.9508190184078409
1.1272640158724168
1.378514553512319
1.601333214915418
1.6607431794763892
1.5434219577546286
1.4419832363824918
1.622117271093979
2.1428076840110046
2.6974590790623
2.7797167972321044
2.0812121840216444
0.7869363491254281
