-4.533882141113282
-9.130516052246094
-8.055191040039064
-2.571220397949219
-1.644096374511719
-4.713325500488282
-9.057350158691408
-8.057327270507814
-2.4991226196289067
-1.4558410644531252
-4.527206420898438
-8.907546997070314
-7.816200256347657
-2.317008972167969
-1.5954971313476565
-4.730415344238282
-9.211692810058596
-8.052253723144533
-2.3252868652343754
-1.4440917968750002
-4.650840759277344
-9.178848266601564
-8.108062744140625
-2.5549316406250004
-1.6053771972656252
-4.588356018066407
-9.027442932128908
-7.9491806030273455
-2.4523925781250004
-1.6005706787109377
-4.8177337646484375
-9.129981994628908
-8.034095764160156
-2.44598388671875
-1.575736999511719
-4.979820251464844
-9.563903808593752
-8.26080322265625
-2.5690841674804688
-1.8131256103515627
-5.088233947753907
-9.492073059082033
-8.347053527832031
-2.6318359375000004
-1.676139831542969
-4.76940155029297
-9.372978210449219
-8.29071044921875
-2.607803344726563
-1.6980361938476565
-5.000381469726563
-9.435729980468752
-8.119277954101562
-2.41180419921875
-1.5727996826171875
-4.958457946777345
-9.385261535644533
-7.948379516601563
-2.341842651367188
-1.5292739868164065
-4.849510192871095
-9.326248168945312
-7.96733856201172
-2.3373031616210938
-1.6518402099609377
-4.910926818847657
-9.338264465332033
-7.667999267578126
-2.008590698242188
-1.4619827270507815
-4.9256134033203125
-9.29527282714844
-7.763595581054688
-2.143707275390625
-1.5324783325195312
-4.929885864257813
-9.182853698730469
-7.622871398925782
-1.9816207885742188
-1.3487625122070315
-4.555511474609375
-8.735313415527346
-7.223663330078125
-1.7615890502929688
-1.25396728515625
-4.711456298828126
-9.04052734375
-7.366256713867188
-1.6860198974609375
-1.0985565185546875
-4.6201324462890625
-8.9892578125
-7.323799133300781
-1.6844177246093752
-1.0913467407226565
-4.49596405029297
-9.124908447265627
-7.450904846191407
-1.2352752685546877
-0.8315277099609376
-4.682884216308595
-9.650154113769531
-7.635421752929688
-1.0697174072265625
-0.4430007934570313
-4.553108215332032
-9.493141174316406
-7.385215759277345
-0.9343338012695314
-0.4448699951171875
-4.49249267578125
-9.314765930175783
-7.24956512451172
-0.6451416015625
0.07476806640625
-4.183540344238281
-9.302215576171877
-6.976928710937501
-0.34767150878906256
0.1409912109375
-4.1245269775390625
-8.975906372070312
-6.756629943847657
-0.5153656005859376
0.00293731689453125
-3.6500167846679688
-7.9611968994140625
-5.9429931640625
-0.19199371337890628
0.20854949951171875
-3.1464004516601567
-7.411117553710938
-5.56915283203125
0.10200500488281251
0.389862060546875
-2.9204940795898438
-7.2647857666015625
-5.436973571777345
0.2985382080078125
0.6940078735351562
-2.533035278320313
-6.760635375976563
-5.181427001953126
0.3636932373046875
0.7719802856445314
-2.613143920898438
-7.034873962402344
-5.202255249023438
0.2566146850585938
0.41496276855468756
-2.7025985717773438
-6.605224609375001
-4.811859130859375
0.39733886718750006
0.6045532226562501
-2.745323181152344
-7.072525024414063
-5.070075988769532
0.5775833129882814
1.017112731933594
-2.3570632934570317
-6.710700988769531
-4.828948974609375
0.6763839721679689
0.7201766967773439
-2.4879074096679688
1.1185836791992188
2.440109252929688
0.2956008911132813
-4.3915557861328125
-3.7883377075195317
1.39495849609375
2.7279663085937504
0.460357666015625
-3.968582153320313
-3.079643249511719
2.2371673583984375
3.9928817749023438
2.0601272583007817
-2.3626708984375
-1.386680603027344
4.06658172607422
5.812149047851563
3.8623046875000004
-1.0251235961914062
0.20294189453125
5.834312438964844
7.157440185546876
4.830284118652344
0.3340530395507813
0.7888031005859376
5.795326232910156
7.018585205078125
4.34429168701172
-0.7695770263671875
-0.31482696533203125
4.5229339599609375
5.6092071533203125
2.8943252563476562
-2.1976470947265625
-1.5228652954101565
3.459091186523438
4.337615966796876
1.7089843750000002
-3.1100845336914067
-2.485771179199219
2.4916458129882817
3.579788208007813
1.1861419677734377
-3.7298583984375004
-3.1549453735351567
2.03369140625
3.232650756835938
0.8595657348632812
-4.052162170410156
-3.6094284057617188
1.5161895751953127
2.8273010253906254
0.39413452148437506
-4.519195556640625
-3.8545608520507812
1.2072372436523438
2.3613357543945317
-0.22750854492187503
-5.0131988525390625
-4.353637695312501
0.5655670166015626
1.6590499877929688
-0.4766464233398438
-4.987831115722657
-4.2596435546875
0.757293701171875
1.8515777587890627
-0.36743164062500006
-5.078086853027344
-4.517593383789063
0.4873275756835938
1.7578506469726565
-0.38478851318359375
-5.2172088623046875
-4.565925598144531
0.6285858154296876
1.9757461547851565
-0.32897949218750006
-5.217475891113281
-4.669265747070313
0.4360580444335938
1.641960144042969
-0.65155029296875
-5.610542297363282
-4.951515197753907
0.39813995361328125
1.563720703125
-0.7353973388671876
-5.481033325195313
-4.969673156738282
-0.16048431396484378
1.0342025756835938
-0.6993484497070312
-5.399856567382813
-4.964599609375
0.31455993652343756
1.4996337890625002
-0.8312606811523439
-5.744323730468751
-5.091438293457031
0.08464813232421875
1.3159179687500002
-1.1271286010742188
-5.9259033203125
-5.116004943847656
0.009880065917968752
1.1634445190429688
-1.0857391357421875
-5.919227600097656
-5.354461669921875
-0.30281066894531256
1.0024261474609377
-1.2008285522460938
-6.045265197753907
-5.455665588378906
-0.30681610107421875
1.0638427734375002
-1.193351745605469
-5.938453674316407
-5.168075561523438
-0.09052276611328126
1.0523605346679688
-1.2825393676757815
-5.933380126953125
-5.297584533691407
-0.01842498779296875
1.246757507324219
-1.059837341308594
-5.983848571777344
-5.469284057617188
-0.21121978759765628
1.1466217041015627
-1.0611724853515625
-5.829772949218751
-5.1055908203125
0.07236480712890626
1.0934829711914065
-1.369590759277344
-6.127510070800782
-5.599060058593751
-0.31482696533203125
1.103363037109375
-1.1284637451171877
-6.026573181152345
-5.648727416992188
-0.5263137817382814
0.7882690429687501
-1.5952301025390627
-6.495208740234375
-5.841255187988282
-0.6323242187500001
0.6096267700195312
-1.5984344482421877
-6.236457824707032
-5.728569030761719
-0.7161712646484375
0.4729080200195313
-1.6721343994140627
-6.567840576171876
-5.76488494873047
-0.20774841308593753
1.4008331298828125
-0.4488754272460938
-4.910926818847657
-3.7696456909179688
2.1533203125
3.815841674804688
1.9514465332031252
-2.1594619750976562
-0.8948135375976564
4.473800659179688
6.429519653320313
4.884223937988282
0.27477264404296875
0.8715820312500001
5.84819793701172
7.056770324707031
4.989433288574219
-0.009613037109375002
0.5353927612304689
5.385437011718751
6.136054992675782
3.545341491699219
-1.3735961914062502
-0.8876037597656251
4.008369445800782
5.091171264648438
2.6766967773437504
-2.4523925781250004
-2.081756591796875
2.882843017578125
3.873519897460938
1.4958953857421877
-3.429718017578125
-3.033447265625
1.8574523925781252
2.9423904418945312
0.3391265869140625
-4.702911376953126
-4.3189239501953125
0.7578277587890626
1.9188690185546877
-0.4777145385742188
-5.477027893066407
-4.997711181640626
0.020828247070312503
1.291618347167969
-1.14715576171875
-6.038322448730469
-5.298118591308595
-0.2448654174804688
0.9308624267578125
-1.4355468750000002
-6.4818572998046875
-5.957145690917969
-0.8868026733398439
0.3340530395507813
-2.0537185668945312
-6.72698974609375
-6.066093444824219
-1.0699844360351562
0.17250061035156253
-2.2566604614257812
-7.270660400390626
-6.694679260253907
-1.6833496093750002
-0.20534515380859378
-2.3949813842773438
-7.239418029785157
-6.5886688232421875
-1.5428924560546877
-0.3223037719726563
-2.504730224609375
-7.192955017089845
-6.661567687988282
-1.6734695434570315
-0.2558135986328125
-2.5343704223632817
-7.284545898437501
-6.733131408691407
-1.563720703125
-0.25180816650390625
-2.4475860595703125
-7.333412170410156
-6.767044067382813
-1.6774749755859377
-0.3631591796875
-2.4969863891601562
-7.334213256835938
-6.708831787109375
-1.643829345703125
-0.6972122192382812
-3.0078125
-7.721405029296876
-7.395629882812501
-2.0547866821289067
-0.406951904296875
-2.620353698730469
-7.529144287109376
-7.176132202148438
-2.3172760009765625
-0.8854675292968751
-2.86041259765625
-7.786293029785156
-7.244491577148438
-2.21954345703125
-1.0077667236328125
-3.2983398437500004
-8.248252868652344
-7.467994689941407
-2.167205810546875
-0.834197998046875
-3.213424682617188
-8.119544982910158
-7.455711364746095
-2.464141845703125
-1.184806823730469
-3.437728881835938
-8.178825378417969
-7.602844238281251
-2.513275146484375
-1.2622451782226565
-3.4315872192382812
-8.216209411621096
-7.745437622070313
-2.489242553710938
-1.246757507324219
-3.568038940429688
-8.187904357910158
-7.55718231201172
-2.4216842651367188
-1.1273956298828125
-3.483123779296875
-8.368415832519531
-7.904319763183595
-2.7875137329101562
-1.5153884887695315
-3.5066223144531254
-8.122482299804688
-7.615928649902345
-2.5076675415039067
-1.2686538696289065
-3.4187698364257812
-8.438911437988281
-7.776947021484376
-2.624626159667969
-1.3655853271484375
-3.590469360351563
-8.361740112304688
-7.79296875
-2.5813674926757812
-1.205902099609375
-3.462028503417969
-8.253059387207033
-7.838363647460938
-2.6272964477539062
-1.3017654418945315
-3.442535400390625
-8.292312622070312
-7.628746032714845
-2.4104690551757817
-0.9802627563476564
-3.245468139648438
-8.170814514160158
-7.617797851562501
-2.772293090820313
-1.7741394042968752
-3.6420059204101567
-8.245315551757812
-7.729148864746094
-2.7012634277343754
-1.4614486694335938
-3.9632415771484375
-8.738250732421877
-8.051719665527344
-3.0246353149414067
-1.8692016601562502
-4.114112854003906
-8.899269104003908
-8.444519042968752
-3.1098175048828125
-1.7116546630859377
-3.8900756835937504
-8.813018798828125
-8.45787048339844
-3.3269119262695317
-1.8497085571289065
-4.064979553222657
-9.070701599121096
-8.75
-3.2991409301757817
-1.9258117675781252
-4.3296051025390625
-9.151878356933594
-8.574295043945314
-3.594741821289063
-2.4139404296875004
-4.756050109863282
-9.755630493164062
-9.270973205566408
-4.35150146484375
-3.260154724121094
-5.61748504638672
-10.605049133300781
-10.260848999023438
-5.299987792968751
-4.037742614746094
-6.464500427246094
-11.45660400390625
-11.17942810058594
-6.056480407714844
-4.999847412109375
-7.413787841796876
-12.34020233154297
-11.967163085937502
-7.054367065429688
-6.060752868652345
-8.474693298339844
-13.329544067382812
-13.097496032714846
-8.207664489746094
-6.800422668457032
-8.872032165527344
-13.50311279296875
-12.969322204589846
-8.149986267089846
-6.758766174316407
-8.913688659667969
-13.630752563476564
-13.15757751464844
-8.085098266601562
-6.579856872558595
-8.584976196289062
-13.327407836914064
-12.849693298339846
-7.74303436279297
-6.342201232910157
-8.384971618652344
-13.109779357910158
-12.69401550292969
-7.596168518066407
-6.162757873535157
-8.369750976562502
-13.135414123535158
-12.669448852539064
-7.511787414550782
-6.11309051513672
-8.208465576171875
-12.953834533691408
-12.357025146484375
-7.240753173828126
-5.941658020019532
-8.16680908203125
-12.79521942138672
-12.228851318359377
-7.128334045410156
-5.798263549804688
-8.003387451171877
-12.676124572753908
-12.0098876953125
-6.887207031250001
-5.539245605468751
-7.578010559082032
-12.460365295410158
-12.021636962890625
-6.91631317138672
-5.526962280273438
-7.812461853027345
-12.624855041503906
-12.030181884765627
-6.846351623535157
-5.42816162109375
-7.661323547363282
-12.295608520507814
-11.590919494628908
-6.529121398925782
-5.304794311523438
-7.469062805175782
-12.179718017578125
-11.728172302246096
-6.739807128906251
-5.379829406738282
-7.61699676513672
-12.1722412109375
-11.56688690185547
-6.506423950195313
-5.126686096191406
-7.638092041015626
-12.424583435058594
-11.964492797851562
-6.693077087402345
-5.184898376464844
-7.501373291015626
-12.253684997558596
-11.635246276855469
-6.4092254638671875
-4.904518127441406
-7.089614868164063
-11.884651184082033
-11.35673522949219
-6.112022399902345
-4.794769287109375
-7.085876464843751
-11.790924072265625
-11.17809295654297
-6.13018035888672
-4.705314636230469
-6.940078735351563
-11.599464416503908
-11.083564758300783
-5.981178283691406
-4.557647705078126
-6.744880676269531
-11.599464416503908
-11.168746948242188
-5.91655731201172
-4.5421600341796875
-6.873855590820313
-11.618423461914064
-11.244850158691408
-6.191864013671875
-4.728279113769531
-6.7574310302734375
-11.598930358886719
-10.979957580566408
-5.878906250000001
-4.583282470703125
-6.817779541015626
-11.41094207763672
-10.834693908691408
-5.859947204589844
-4.478340148925781
-6.761970520019532
-11.379966735839846
-10.87394714355469
-5.917091369628906
-4.5592498779296875
-6.710166931152345
-11.757278442382814
-11.368751525878908
-6.029777526855469
-4.0978240966796875
-5.577430725097657
-9.681663513183596
-8.510208129882812
-2.5154113769531254
-0.2811813354492188
-1.7322158813476565
-5.806274414062501
-4.629478454589845
0.9666442871093751
2.8694915771484375
1.334075927734375
-3.4593582153320317
-2.8433227539062504
2.554130554199219
3.9474868774414067
1.7164611816406252
-3.1941986083984375
-2.8110122680664067
2.0961761474609375
3.174705505371094
0.6825256347656251
-4.3878173828125
-3.9824676513671875
0.8299255371093751
2.090568542480469
-0.06702423095703125
-5.009727478027345
-4.675941467285157
0.28945922851562506
1.7578506469726565
-0.5380630493164062
-5.463142395019531
-5.0580596923828125
-0.09426116943359375
1.1965560913085938
-1.0272598266601562
-5.88237762451172
-5.377960205078126
-0.32684326171875
1.0181808471679688
-1.1944198608398438
-6.091461181640626
-5.8447265625
-0.8528900146484375
0.42430877685546875
-1.6980361938476565
-6.404685974121095
-5.869560241699219
-0.77972412109375
0.6470108032226562
-1.5364837646484377
-6.262359619140625
-5.9429931640625
-0.9661102294921876
0.57037353515625
-1.620597839355469
-6.39720916748047
-5.827369689941407
-0.7722473144531251
0.6488800048828126
-1.5549087524414062
-6.335792541503906
-6.144065856933594
-1.1263275146484377
0.3276443481445313
-1.751976013183594
-6.3291168212890625
-5.908546447753906
-0.8950805664062501
0.458221435546875
-1.5679931640625
-6.733665466308594
-6.737136840820313
-1.505241394042969
0.32016754150390625
-1.5957641601562502
-6.497344970703126
-6.208953857421875
-1.1874771118164062
0.2566146850585938
-1.8825531005859377
-6.536598205566407
-6.234855651855469
-1.2406158447265625
0.2993392944335938
-1.9904327392578127
-6.9625091552734375
-6.471443176269532
-1.390953063964844
-0.04459381103515626
-2.175750732421875
-6.868247985839845
-6.475448608398438
-1.5183258056640627
-0.07690429687500001
-2.161865234375
-7.12139129638672
-6.967315673828126
-1.8756103515625002
-0.31562805175781256
-2.4809646606445317
-7.269058227539063
-7.023925781250001
-2.073211669921875
-0.5572891235351562
-2.6969909667968754
-7.51873016357422
-7.127265930175782
-1.9992446899414065
-0.4867935180664063
-2.5405120849609375
-7.315254211425781
-6.866378784179688
-1.892967224121094
-0.5169677734375
-2.507400512695313
-7.21752166748047
-6.811103820800782
-1.9113922119140627
-0.37063598632812506
-2.3762893676757817
-7.148628234863282
-6.836204528808595
-1.759185791015625
-0.2539443969726563
-2.3762893676757817
-7.220458984375001
-7.059173583984376
-1.9020462036132815
-0.43579101562500006
-2.37548828125
-6.99535369873047
-6.795082092285157
-1.915130615234375
-0.5944061279296876
-2.6868438720703125
-7.46532440185547
-7.2551727294921875
-2.0726776123046875
-0.5257797241210938
-2.6601409912109375
-7.478942871093751
-7.194824218750001
-2.3431777954101567
-0.9508895874023438
-2.9752349853515625
-7.779884338378907
-7.349433898925782
-2.2606658935546875
-0.7089614868164064
-2.7698898315429688
-7.361450195312501
-7.024726867675782
-2.2243499755859375
-0.6867980957031251
-2.624359130859375
-7.254638671875001
-6.86290740966797
-2.032623291015625
-0.6758499145507814
-2.5733566284179688
-7.177200317382813
-7.140083312988282
-2.33917236328125
-0.5583572387695312
-2.2977828979492188
-6.94835662841797
-6.906700134277345
-2.2748184204101562
-0.8144378662109376
-2.5848388671875
-6.921653747558595
-6.752090454101563
-1.9690704345703127
-0.44380187988281256
-2.2328948974609375
-7.027664184570313
-6.909904479980469
-1.9589233398437504
-0.5426025390625
-2.2993850708007817
-6.849288940429688
-6.810569763183595
-1.8558502197265627
-0.4470062255859375
-2.0654678344726562
-6.866912841796876
-7.412986755371095
-2.2649383544921875
-0.34553527832031256
-2.0641326904296875
-6.70055389404297
-6.766242980957032
-1.9573211669921875
-0.34687042236328125
-2.233428955078125
-6.754226684570313
-6.901092529296876
-2.2192764282226567
-0.44380187988281256
-1.9655990600585942
-6.5160369873046875
-6.638069152832031
-1.9501113891601565
-0.20801544189453128
-1.842765808105469
-6.377449035644532
-6.4636993408203125
-1.9343566894531252
-0.2996063232421875
-1.7666625976562502
-6.256484985351563
-6.462898254394532
-2.032890319824219
-0.19466400146484378
-1.644096374511719
-6.305351257324219
-6.597480773925782
-2.1519851684570317
-0.26222229003906256
-1.596832275390625
-6.144866943359376
-6.313629150390626
-1.8975067138671877
-0.19279479980468753
-1.647300720214844
-6.256752014160156
-6.44927978515625
-1.89483642578125
-0.17730712890625003
-1.485748291015625
-5.838050842285156
-6.230049133300781
-2.0897674560546875
-0.31749725341796875
-1.4745330810546875
-5.8837127685546875
-6.377449035644532
-2.2347640991210938
-0.47691345214843756
-1.4267349243164065
-5.924301147460938
-6.23058319091797
-2.1391677856445317
-0.48946380615234375
-1.50390625
-5.870895385742188
-6.21135711669922
-1.990165710449219
-0.06248474121093751
-1.187744140625
-5.575294494628907
-5.742988586425782
-1.3324737548828125
0.8307266235351562
0.28999328613281256
-3.9541625976562504
-4.452705383300781
0.4579544067382813
2.9234313964843754
2.0742797851562504
-1.9511795043945315
-2.191238403320313
2.1551895141601562
4.723472595214844
3.8024902343750004
-0.7607650756835938
-1.267852783203125
2.5252914428710938
4.089012145996094
3.2956695556640625
-1.3861465454101565
-2.2048568725585938
1.6750717163085938
3.331451416015625
2.4142074584960938
-2.131156921386719
-3.2147598266601567
0.6090927124023439
2.4518585205078125
1.4876174926757812
-2.8099441528320312
-3.9109039306640625
-0.13805389404296878
1.5979003906250002
0.7313919067382814
-3.681259155273438
-4.724273681640625
-0.8403396606445314
0.9989547729492188
0.09159088134765625
-4.5677947998046875
-5.57262420654297
-1.4598464965820315
0.47424316406250006
-0.43979644775390625
-4.883689880371094
-5.65887451171875
-1.7639923095703125
0.12229919433593751
-0.644073486328125
-5.153656005859376
-5.951805114746095
-1.94610595703125
0.12042999267578126
-0.6117630004882812
-5.034027099609375
-6.025772094726563
-2.0825576782226567
-0.16689300537109378
-1.0729217529296877
-5.6198883056640625
-6.506690979003906
-2.6491928100585938
-0.6245803833007814
-1.111907958984375
-5.6722259521484375
-6.754760742187501
-2.910079956054688
-0.9204483032226564
-1.7247390747070315
-6.1421966552734375
-7.009239196777344
-3.0419921875
-0.8916091918945314
-1.4926910400390625
-5.83965301513672
-7.04662322998047
-3.359756469726563
-1.2352752685546877
-1.6101837158203125
-6.007347106933595
-7.0511627197265625
-3.057212829589844
-0.9151077270507814
-1.4002990722656252
-5.771026611328126
-6.853027343750001
-3.174705505371094
-1.1703872680664062
-1.7762756347656252
-6.156349182128907
-6.993484497070313
-3.260154724121094
-1.262779235839844
-1.8248748779296877
-6.29974365234375
-7.524070739746094
-3.711166381835938
-1.4993667602539062
-2.087631225585938
-6.519241333007813
-7.563323974609376
-3.8129043579101567
-1.588287353515625
-2.0924377441406254
-6.3873291015625
-7.442626953125001
-3.601951599121094
-1.479339599609375
-2.0304870605468754
-6.427917480468751
-7.422332763671876
-3.5522842407226562
-1.4585113525390627
-2.056655883789063
-6.64501190185547
-7.8063201904296875
-4.042015075683595
-1.868133544921875
-2.589378356933594
-7.171058654785157
-8.395118713378906
-4.45110321044922
-2.2555923461914067
-2.97576904296875
-7.477073669433595
-8.606605529785156
-4.586486816406251
-2.4537277221679688
-2.9116821289062504
-7.31365203857422
-8.314476013183594
-4.449234008789063
-2.2964477539062504
-2.8387832641601567
-7.063179016113282
-8.22288513183594
-4.410514831542969
-2.0003128051757812
-2.5335693359375004
-7.0319366455078125
-8.022613525390627
-4.115715026855469
-1.9650650024414062
-2.605667114257813
-7.0063018798828125
-8.04557800292969
-4.0358734130859375
-1.9412994384765627
-2.7293014526367188
-7.1654510498046875
-8.26213836669922
-4.3563079833984375
-2.072410583496094
-2.5931167602539067
-7.200698852539063
-8.381500244140627
-4.370994567871095
-2.24090576171875
-2.952537536621094
-7.407913208007813
-8.226623535156252
-4.381675720214844
-2.2780227661132817
-2.832908630371094
-7.114181518554688
-8.331565856933594
-4.51305389404297
-2.3303604125976567
-2.949066162109375
-7.3486328125
-8.29978942871094
-4.515190124511719
-2.4222183227539062
-2.8710937500000004
-7.304573059082032
-8.263740539550783
-4.303703308105469
-2.2582626342773438
-2.8537368774414062
-7.162780761718751
-8.195381164550783
-4.332275390625
-2.3164749145507817
-2.8091430664062504
-7.114448547363282
-8.133964538574219
-4.3904876708984375
-2.2555923461914067
-2.676162719726563
-7.132873535156251
-7.960395812988281
-4.05670166015625
-1.9829559326171877
-2.6617431640625004
-6.960906982421876
-7.897644042968751
-3.952560424804688
-1.5768051147460938
-2.2975158691406254
-6.338462829589845
-7.068519592285157
-2.949333190917969
-0.5399322509765626
-0.8675765991210939
-4.936561584472657
-5.427894592285156
-1.3741302490234375
1.230735778808594
1.4569091796875
-2.3650741577148438
-3.286857604980469
0.8622360229492189
3.161087036132813
2.7498626708984375
-1.4144515991210938
-2.5295639038085938
1.1557006835937502
2.953605651855469
2.004318237304688
-2.690849304199219
-4.061775207519532
-0.6924057006835939
1.0424804687500002
-0.07717132568359375
-4.738960266113282
-6.174774169921875
-2.6796340942382812
-0.7388687133789064
-1.9506454467773438
-6.720848083496095
-8.181495666503906
-4.5944976806640625
-2.6430511474609375
-3.386459350585938
-7.967071533203125
-9.265899658203127
-5.552597045898438
-3.864707946777344
-4.777412414550782
-9.39300537109375
-10.630149841308594
-6.896553039550781
-4.895172119140625
-5.63457489013672
-10.094757080078125
-11.275825500488283
-7.502975463867188
-5.371284484863282
-5.9114837646484375
-10.309181213378908
-11.4971923828125
-7.505378723144532
-5.418281555175782
-5.873565673828126
-10.14549255371094
-11.107330322265627
-7.137947082519531
-4.998512268066407
-5.613212585449219
-10.137748718261719
-11.120147705078127
-7.164649963378906
-4.957923889160156
-5.649261474609375
-10.198631286621094
-11.155662536621096
-7.095222473144532
-4.981689453125
-5.7512664794921875
-10.267524719238281
-11.194915771484377
-7.304306030273438
-5.147514343261719
-5.782508850097657
-10.351104736328127
-11.4971923828125
-7.352905273437501
-5.197181701660156
-5.96355438232422
-10.596771240234375
-11.536712646484375
-7.418327331542969
-5.434036254882813
-6.336059570312501
-10.82481384277344
-11.659545898437502
-7.56145477294922
-5.487174987792969
-6.510162353515626
-11.379966735839846
-12.418174743652346
-8.13743591308594
-5.841789245605469
-6.847686767578126
-11.679039001464844
-12.450485229492188
-7.915802001953127
-5.593986511230469
-6.835670471191406
-11.46648406982422
-12.0654296875
-7.5307464599609375
-5.207061767578126
-6.403083801269532
-11.313209533691408
-12.129249572753906
-7.455177307128907
-5.122146606445313
-6.323509216308594
-11.214942932128908
-11.967430114746096
-7.391090393066407
-5.11547088623047
-6.518707275390626
-11.674766540527346
-12.197608947753906
-7.364921569824219
-5.023612976074219
-6.502418518066407
-11.655540466308596
-12.221908569335938
-7.127265930175782
-4.8871612548828125
-6.549415588378906
-11.68010711669922
-12.14073181152344
-7.092018127441406
-4.758987426757813
-6.445808410644532
-11.692390441894531
-12.037925720214846
-6.91417694091797
-4.5774078369140625
-6.338996887207032
-11.567955017089846
-12.148742675781252
-7.056503295898438
-4.488220214843751
-6.12377166748047
-11.57543182373047
-12.190132141113281
-6.698951721191407
-4.141082763671876
-6.198806762695313
-11.56822204589844
-11.77116394042969
-6.216964721679688
-3.8454818725585938
-5.807342529296876
-11.006393432617188
-11.37462615966797
-5.917892456054688
-3.4371948242187504
-5.351524353027345
-10.810394287109375
-11.093177795410156
-5.5290985107421875
-3.2422637939453125
-5.204124450683594
-10.401039123535156
-10.75511932373047
-5.507736206054688
-3.219833374023438
-5.05779266357422
-10.438957214355469
-10.849914550781252
-5.5931854248046875
-3.3207702636718754
-5.212936401367188
-10.581550598144533
-10.986633300781252
-5.664749145507813
-3.329849243164063
-5.187301635742188
-10.570068359375
-11.016273498535158
-5.627098083496095
-3.2307815551757817
-5.056457519531251
-10.390892028808596
-10.996246337890627
-5.798530578613282
-3.29620361328125
-5.192909240722657
-10.77354431152344
-11.153793334960938
-5.806808471679688
-3.4070205688476567
-5.24871826171875
-10.646438598632812
-10.951919555664064
-5.588912963867188
-3.3301162719726562
-5.26927947998047
-10.6597900390625
-11.0870361328125
-5.5461883544921875
-3.0278396606445317
-4.992904663085938
-10.522804260253908
-10.799446105957031
-5.326690673828126
-2.930374145507813
-4.788093566894531
-10.187683105468752
-10.605583190917969
-5.236968994140626
-2.8558731079101567
-4.776611328125
-10.174064636230469
-10.599441528320314
-5.158195495605469
-2.6774978637695317
-4.553108215332032
-10.093955993652344
-10.627479553222658
-5.268745422363281
-2.798995971679688
-4.692230224609376
-10.14335632324219
-10.560188293457033
-5.086898803710938
-2.7317047119140625
-4.567260742187501
-10.067787170410156
-10.60478210449219
-5.12481689453125
-2.843856811523438
-4.830284118652344
-10.738296508789064
-11.140174865722658
-4.922142028808595
-2.1640014648437504
-4.658050537109376
-10.793838500976564
-11.189308166503908
-4.964599609375
-2.2668075561523438
-4.691963195800781
-10.710525512695314
-10.982093811035158
-5.056457519531251
-2.435836791992188
-4.511184692382813
-10.260581970214846
-10.686225891113283
-5.00946044921875
-2.5730895996093754
-4.551506042480469
-10.159645080566408
-10.637626647949219
-5.261268615722656
-2.6620101928710938
-4.388885498046876
-9.676322937011719
-10.245094299316406
-5.081558227539063
-2.694854736328125
-4.581947326660156
-9.817848205566406
-10.331344604492188
-4.8423004150390625
-1.9434356689453127
-3.2460021972656254
-7.821540832519532
-7.639427185058594
-2.1543884277343754
0.6843948364257814
-0.4275131225585938
-4.999847412109375
-4.961128234863282
0.39894104003906256
2.9103469848632817
1.598968505859375
-3.3311843872070317
-3.73199462890625
1.534881591796875
4.179267883300782
2.8839111328125004
-2.0964431762695312
-2.9050064086914067
1.9426345825195315
4.444160461425782
2.976036071777344
-2.1140670776367188
-2.952804565429688
1.722068786621094
3.7498855590820317
2.3202133178710938
-2.722625732421875
-3.646812438964844
0.8237838745117189
2.8582763671875004
1.777610778808594
-2.9202270507812504
-4.10289764404297
0.14686584472656253
2.3821640014648438
1.1986923217773438
-3.4825897216796875
-4.585418701171876
-0.22109985351562503
1.9952392578125002
0.8360671997070314
-3.9859390258789067
-5.1226806640625
-0.9396743774414062
1.3442230224609377
0.39920806884765625
-4.165382385253906
-5.247650146484375
-1.0820007324218752
1.0860061645507815
0.17704010009765628
-4.320259094238282
-5.596656799316406
-1.6008377075195315
0.7479476928710939
0.14659881591796878
-4.221992492675782
-5.378761291503907
-1.3722610473632812
0.7532882690429689
0.0678253173828125
-4.369659423828125
-5.542449951171875
-1.471061706542969
0.7661056518554688
0.25848388671875
-4.059104919433595
-5.325622558593751
-1.3404846191406252
0.92071533203125
0.22457122802734378
-4.200096130371095
-5.491180419921876
-1.339683532714844
1.0932159423828127
0.7113647460937501
-3.4163665771484375
-4.53227996826172
-0.31482696533203125
1.9653320312500002
1.699371337890625
-2.0486450195312504
-2.7263641357421875
1.1904144287109375
3.552818298339844
3.889274597167969
0.06969451904296876
-0.9335327148437501
2.9370498657226567
5.746726989746095
5.444984436035157
1.5418243408203127
0.22991180419921875
4.179267883300782
6.425781250000001
5.627098083496095
1.426200866699219
-0.2162933349609375
3.6302566528320317
5.791053771972657
4.958190917968751
0.3401947021484375
-1.2771987915039065
2.313804626464844
4.079132080078126
3.328514099121094
-0.9370040893554689
-2.6307678222656254
1.012840270996094
3.2136917114257812
2.6019287109375
-1.8553161621093752
-3.546676635742188
0.162353515625
2.3984527587890625
1.8187332153320315
-2.4903106689453125
-4.0673828125
-0.38318634033203125
1.9255447387695315
1.2072372436523438
-3.274040222167969
-4.563522338867188
-0.8801269531250001
1.680412292480469
1.3004302978515627
-3.0759048461914062
-4.843635559082031
-1.1594390869140627
1.2694549560546877
0.7786560058593751
-3.783798217773438
-5.00732421875
-1.5562438964843752
0.8427429199218751
0.5946731567382814
-3.830795288085938
-5.463943481445313
-1.5647888183593752
0.9602355957031251
0.4050827026367188
-4.137611389160156
-5.683441162109375
-1.9396972656250002
0.5853271484375001
-0.0122833251953125
-4.52667236328125
-6.091728210449219
-2.1861648559570312
0.4950714111328125
-0.021362304687500003
-4.627609252929688
-5.951805114746095
-1.5837478637695312
0.8806610107421875
0.18665313720703128
-4.0326690673828125
-5.6722259521484375
-2.000045776367188
0.24139404296875003
-0.33538818359375
-4.5143890380859375
-5.744590759277344
-2.0203399658203125
0.24913787841796875
-0.27690887451171875
-4.564590454101563
-6.1261749267578125
-2.3268890380859375
0.04913330078125
-0.27984619140625006
-4.893569946289063
-6.378250122070313
-2.4580001831054688
0.001068115234375
-0.7153701782226564
-5.080223083496095
-6.495742797851563
-2.7877807617187504
-0.485992431640625
-0.9185791015625
-5.126686096191406
-6.570777893066407
-2.8911209106445317
-0.49053192138671875
-0.7434082031250001
-5.168609619140625
-6.69200897216797
-2.6123428344726567
-0.13244628906250003
-0.7679748535156251
-4.907188415527344
-6.284523010253906
-2.4270248413085938
-0.01094818115234375
-0.6144332885742189
-5.064468383789063
-6.306953430175782
-2.405662536621094
-0.1554107666015625
-0.6790542602539064
-4.919204711914063
-6.349678039550782
-2.6411819458007817
-0.268096923828125
-0.8002853393554689
-5.1611328125
-6.657562255859376
-2.685508728027344
-0.3276443481445313
-1.04034423828125
-5.542182922363282
-6.945686340332032
-3.0751037597656254
-0.729522705078125
-1.1634445190429688
-5.422554016113282
-6.904296875
-3.1560134887695312
-0.8235168457031251
-1.4769363403320312
-5.733642578125001
-7.015380859375001
-3.0481338500976567
-0.3687667846679688
-0.10547637939453126
-3.9870071411132817
-4.715194702148438
-0.11081695556640626
2.6000595092773438
2.8334426879882817
-0.7500839233398439
-1.5711975097656252
2.850265502929688
5.368347167968751
5.05565643310547
0.8512878417968751
-0.9148406982421876
2.797393798828125
4.892234802246094
4.233474731445313
-0.8115005493164064
-2.3357009887695317
1.5271377563476565
3.540267944335938
2.8825759887695317
-2.0125961303710938
-3.4532165527343754
0.12229919433593751
2.454795837402344
2.018203735351563
-2.427825927734375
-4.2206573486328125
-0.3516769409179688
2.0390319824218754
1.45477294921875
-2.81982421875
-4.333343505859375
-0.6082916259765625
1.398429870605469
0.7185745239257812
-3.799552917480469
-5.431365966796876
-1.6200637817382815
0.8098983764648439
0.32684326171875
-4.034538269042969
-5.667152404785157
-1.9583892822265625
0.4510116577148438
-0.1084136962890625
-4.459381103515625
-6.05113983154297
-2.327423095703125
-0.03471374511718751
-0.5450057983398438
-4.996910095214844
-6.550750732421876
-2.735710144042969
-0.2587509155273438
-0.8504867553710939
-5.133628845214845
-6.598014831542969
-2.7258300781250004
-0.5327224731445312
-1.1212539672851562
-5.267677307128906
-6.610031127929688
-2.8953933715820317
-0.5722427368164064
-0.8793258666992189
-5.274085998535157
-6.718177795410156
-2.9442596435546875
-0.5145645141601564
-0.8285903930664062
-5.593452453613282
-7.387084960937501
-3.1666946411132817
-0.6066894531250001
-1.1452865600585938
-5.576095581054688
-7.248229980468751
-3.3899307250976567
-0.9530258178710938
-1.600303649902344
-5.945663452148438
-7.645568847656251
-3.840408325195313
-1.4491653442382815
-2.1458435058593754
-6.453552246093751
-7.946243286132814
-4.138145446777345
-1.56585693359375
-1.9498443603515627
-6.336326599121095
-7.862930297851563
-4.029464721679688
-1.590423583984375
-2.0179367065429688
-6.502685546875
-8.13610076904297
-4.252967834472656
-1.7140579223632815
-2.133560180664063
-6.584663391113281
-8.192176818847656
-4.247894287109376
-1.7266082763671877
-2.3196792602539062
-6.817512512207031
-8.511009216308594
-4.7290802001953125
-2.1079254150390625
-2.6807022094726562
-7.218055725097656
-8.597793579101562
-4.50237274169922
-2.1426391601562504
-2.707939147949219
-7.0415496826171875
-8.557472229003908
-4.627342224121095
-2.173080444335938
-2.2916412353515625
-6.279449462890626
-7.488555908203126
-2.87750244140625
0.13298034667968753
0.20507812500000003
-3.451347351074219
-4.376335144042969
0.02376556396484375
2.6625442504882812
2.832107543945313
-1.2681198120117188
-3.151473999023438
0.7335281372070314
2.8264999389648438
2.385368347167969
-1.9658660888671877
-3.9397430419921884
-0.42083740234375006
1.698570251464844
1.0296630859375
-3.3931350708007817
-5.161399841308595
-1.4149856567382815
0.9084320068359376
0.1751708984375
-4.349098205566407
-5.9371185302734375
-2.3132705688476567
-0.1361846923828125
-0.6491470336914064
-5.0655364990234375
-6.977729797363281
-3.2227706909179688
-0.7228469848632812
-1.276397705078125
-5.663948059082032
-7.2380828857421875
-3.5383987426757812
-1.1057662963867188
-1.5423583984375002
-5.998001098632813
-7.815399169921876
-3.9538955688476562
-1.4032363891601562
-1.953582763671875
-6.328048706054688
-7.962532043457033
-4.021987915039063
-1.4403533935546877
-2.006988525390625
-6.627120971679688
-8.274688720703127
-4.31304931640625
-1.7319488525390627
-2.2398376464843754
-6.416702270507813
-8.141975402832033
-4.586219787597657
-2.137832641601563
-2.3834991455078125
-6.679191589355469
-8.42369079589844
-4.598770141601563
-1.9672012329101565
-2.386703491210938
-6.830329895019532
-8.425559997558594
-4.522399902343751
-2.1020507812500004
-2.670822143554688
-6.977195739746095
-8.428764343261719
-4.642562866210938
-2.3154067993164062
-2.613143920898438
-6.86077117919922
-8.577232360839846
-4.8177337646484375
-2.3378372192382812
-2.6980590820312504
-6.988677978515626
-8.602333068847656
-4.798240661621095
-2.1562576293945312
-2.5971221923828125
-6.951293945312501
-8.48991394042969
-4.590492248535157
-2.2534561157226562
-2.5466537475585938
-6.65996551513672
-8.497924804687502
-4.873008728027344
-2.3794937133789067
-2.6999282836914067
-6.839141845703126
-8.60099792480469
-4.719734191894532
-2.1097946166992188
-2.395248413085938
-6.517372131347657
-8.256797790527346
-4.547767639160156
-1.9509124755859377
-2.382431030273438
-6.725120544433595
-8.439178466796875
-4.611854553222656
-2.1191406250000004
-2.6086044311523438
-6.928596496582032
-8.462944030761719
-4.705314636230469
-2.0278167724609375
-2.2854995727539067
-6.655960083007813
-8.59458923339844
-4.889831542968751
-2.3183441162109375
-2.8195571899414067
-7.039413452148438
-8.622093200683594
-4.76165771484375
-2.167205810546875
-2.430496215820313
-6.919784545898438
-8.672027587890625
-4.77020263671875
-2.111129760742188
-2.4435806274414062
-6.702423095703126
-8.448257446289064
-4.5346832275390625
-1.9898986816406254
-2.2854995727539067
-6.637535095214845
-8.286437988281252
-4.61639404296875
-2.088699340820313
-2.2614669799804688
-6.409759521484376
-8.21086883544922
-4.507446289062501
-2.06787109375
-2.4008560180664062
-6.576118469238281
-8.481101989746096
-4.7461700439453125
-2.1399688720703125
-2.4523925781250004
-6.897354125976563
-8.592185974121096
-4.7728729248046875
-2.2873687744140625
-2.5677490234375004
-6.844215393066406
-8.64799499511719
-4.783821105957032
-2.302322387695313
-2.686309814453125
-6.892814636230469
-8.572959899902346
-4.74376678466797
-2.3541259765625
-2.906875610351563
-7.034606933593751
-8.619956970214844
-4.60277557373047
-2.0614624023437504
-2.4905776977539067
-6.873054504394532
-8.667488098144531
-4.919204711914063
-2.1514511108398438
-2.401390075683594
-6.671180725097657
-8.436241149902344
-4.648170471191406
-1.9351577758789062
-2.2582626342773438
-6.710700988769531
-8.325958251953127
-4.39769744873047
-1.8956375122070315
-2.2085952758789062
-6.447410583496094
-8.211936950683594
-4.4065093994140625
-1.8123245239257815
-2.2352981567382812
-6.538467407226563
-8.13823699951172
-4.326934814453126
-1.5893554687500002
-2.149314880371094
-6.477317810058595
-8.19164276123047
-4.358978271484375
-1.8056488037109377
-2.1781539916992188
-6.430587768554688
-8.059730529785158
-4.386215209960938
-1.9167327880859377
-2.1965789794921875
-6.403083801269532
-8.217811584472656
-4.372863769531251
-1.6216659545898438
-2.1501159667968754
-6.473045349121095
-8.212738037109375
-4.511184692382813
-1.8419647216796877
-2.1712112426757817
-6.343002319335938
-7.965736389160156
-4.1939544677734375
-1.5957641601562502
-2.1538543701171875
-6.411895751953126
-8.198318481445314
-4.522666931152345
-1.740226745605469
-2.168807983398438
-6.456756591796876
-8.227691650390625
-4.52667236328125
-1.9116592407226565
-2.1519851684570317
-6.525917053222657
-8.276824951171877
-4.45751190185547
-1.6732025146484377
-1.8603897094726565
-6.330718994140626
-8.095245361328127
-4.066848754882813
-1.5893554687500002
-2.1728134155273438
-6.324844360351563
-8.072013854980469
-4.198226928710938
-1.5866851806640627
-1.9770812988281252
-6.065025329589844
-7.82421112060547
-4.0187835693359375
-1.5522384643554688
-1.8360900878906252
-6.18572235107422
-8.102188110351562
-4.261512756347656
-1.4627838134765627
-1.9650650024414062
-6.1966705322265625
-8.180961608886719
-4.570465087890626
-1.8430328369140627
-2.0131301879882812
-6.114692687988281
-8.071479797363283
-4.397163391113281
-1.7885589599609377
-2.137832641601563
-6.258888244628907
-8.109931945800783
-4.35070037841797
-1.7813491821289062
-2.237968444824219
-6.580924987792969
