3.3207702636718754
-6.8145751953125
-16.320266723632812
-16.732559204101562
-3.723983764648438
3.668441772460938
-6.486396789550782
-16.274337768554688
-16.6241455078125
-3.4574890136718754
3.6625671386718754
-6.5876007080078125
-15.831069946289064
-16.170997619628906
-2.901268005371094
4.043884277343751
-6.185989379882813
-15.487403869628908
-15.865516662597656
-2.9709625244140625
3.988609313964844
-6.441802978515625
-15.700492858886719
-15.887413024902344
-2.591781616210938
4.180335998535157
-6.39720916748047
-15.864715576171875
-15.73600769042969
-2.4126052856445312
4.3456268310546875
-6.106414794921876
-15.29380798339844
-15.079650878906252
-1.3402175903320315
6.091194152832032
-3.4711074829101567
-12.169303894042969
-11.599998474121096
2.1519851684570317
9.22264099121094
-0.8358001708984376
-9.24186706542969
-8.210334777832033
5.614547729492188
12.686271667480469
2.998466491699219
-5.7501983642578125
-5.558471679687501
8.324623107910156
15.388336181640627
5.0885009765625
-3.8131713867187504
-3.1658935546875004
10.702247619628906
17.23777770996094
6.604156494140626
-2.579765319824219
-2.171478271484375
11.678504943847658
18.315238952636722
7.3983001708984375
-1.5877532958984375
-1.378936767578125
12.55596160888672
18.86264801025391
8.137168884277344
-1.0037612915039065
-0.9618377685546876
12.894287109375002
19.281883239746094
8.3270263671875
-0.7345962524414064
-0.312957763671875
13.220329284667969
19.42661285400391
8.708877563476562
-0.13538360595703125
0.2600860595703125
13.972549438476562
19.42768096923828
8.640518188476564
-0.41095733642578125
-0.07183074951171876
13.71166229248047
19.33128356933594
8.271751403808596
-0.6069564819335938
0.0475311279296875
13.414993286132814
18.75236511230469
8.072013854980469
-1.0408782958984375
-0.6016159057617188
13.071327209472656
18.929672241210938
7.942237854003907
-1.0552978515625002
-0.4088211059570313
13.287620544433596
18.321914672851566
7.236213684082032
-1.6432952880859377
-0.9239196777343751
12.54528045654297
17.704277038574222
6.918449401855469
-2.0419692993164067
-1.3394165039062502
12.365837097167969
17.498397827148438
6.551818847656251
-2.5896453857421875
-1.8200683593750002
12.00054168701172
17.13550567626953
6.108818054199219
-2.8326416015625004
-1.9113922119140627
12.119636535644531
17.143516540527347
5.730972290039063
-3.059349060058594
-2.2601318359375
11.741256713867188
16.69784545898438
5.261535644531251
-3.598747253417969
-2.3554611206054688
11.684913635253906
16.520805358886722
5.191040039062501
-3.619308471679688
-2.3666763305664067
11.656074523925781
16.53148651123047
5.248184204101563
-3.741874694824219
-2.7322387695312504
11.237373352050783
16.156578063964844
5.006523132324219
-3.916244506835938
-2.7279663085937504
11.31614685058594
16.017723083496097
4.818534851074219
-4.300498962402345
-3.099937438964844
10.998115539550781
15.416107177734377
4.129867553710938
-4.094085693359375
-2.6561355590820317
11.166343688964844
15.21476745605469
3.980331420898438
-4.5517730712890625
-3.1925964355468754
10.696372985839846
15.092201232910158
3.885269165039063
-4.681015014648438
-3.2227706909179688
10.88890075683594
15.370445251464846
3.895950317382813
-4.893569946289063
-3.09539794921875
11.105995178222658
14.906349182128908
3.0582809448242188
-5.456199645996095
-3.4243774414062504
10.732154846191408
14.518089294433596
2.9028701782226562
-5.383033752441406
-3.4468078613281254
10.744972229003908
14.429168701171877
3.0620193481445312
-5.006256103515626
-3.186721801757813
10.848312377929688
14.221687316894533
2.787246704101563
-5.428962707519531
-3.433456420898438
10.832023620605469
14.382972717285158
2.7263641357421875
-5.52776336669922
-3.7258529663085938
10.519065856933594
13.976020812988283
2.5098037719726567
-5.635375976562501
-3.7424087524414067
10.53722381591797
13.96800994873047
2.6705551147460938
-5.461273193359375
-3.867111206054688
10.211448669433596
13.68602752685547
2.4937820434570312
-5.55339813232422
-3.4668350219726567
10.694770812988281
13.785629272460938
2.0435714721679688
-5.96996307373047
-3.909301757812501
9.776191711425783
13.05156707763672
1.4587783813476562
-6.736602783203126
-4.625473022460938
9.627189636230469
12.584800720214844
1.0675811767578125
-6.807632446289063
-4.5774078369140625
9.66217041015625
12.791481018066408
1.2120437622070312
-6.564369201660157
-3.981132507324219
10.394630432128908
13.108177185058596
1.5282058715820312
-6.086921691894531
-3.9691162109375
10.180740356445312
12.76664733886719
1.1522293090820312
-6.673583984375
-3.8866043090820317
10.390357971191408
12.72605895996094
0.8622360229492189
-6.95049285888672
-4.533348083496094
9.657363891601564
12.267036437988283
0.9447479248046876
-6.988410949707032
-4.31865692138672
9.9676513671875
12.457160949707031
0.6510162353515626
-7.382545471191407
-4.662857055664063
9.802360534667969
12.178916931152344
0.47931671142578125
-7.404975891113281
-4.738960266113282
9.751358032226562
11.736984252929688
-0.24379730224609378
-7.847709655761719
-4.981155395507813
9.278450012207033
11.458473205566408
-0.2843856811523438
-8.058662414550781
-5.105323791503907
9.302215576171877
11.49639129638672
-0.34339904785156256
-8.082962036132812
-5.148849487304688
9.371109008789064
11.421623229980469
-0.3826522827148438
-8.162269592285156
-5.4853057861328125
9.005279541015627
10.969810485839844
-0.9562301635742189
-8.593254089355469
-5.517883300781251
8.88164520263672
10.565261840820314
-1.3570404052734375
-8.828506469726562
-5.704536437988281
8.674163818359375
10.20103454589844
-1.664390563964844
-9.076576232910158
-5.83751678466797
8.70647430419922
10.544700622558596
-1.4125823974609375
-9.128913879394531
-5.866088867187501
8.22502136230469
9.716644287109377
-1.9786834716796877
-9.355888366699219
-6.083984375
8.283233642578125
9.514503479003906
-2.1188735961914062
-9.45842742919922
-6.165962219238282
8.299255371093752
9.677925109863281
-2.17041015625
-9.233055114746096
-5.90160369873047
8.399391174316408
9.366035461425783
-2.474288940429688
-9.924392700195314
-6.368904113769532
8.238906860351562
9.609832763671877
-2.0179367065429688
-9.730796813964846
-6.472511291503907
8.011932373046875
9.101142883300783
-2.609939575195313
-9.919319152832033
-6.293601989746095
8.060531616210938
8.737983703613281
-2.6574707031250004
-9.588737487792969
-5.909614562988281
8.452529907226562
9.191131591796875
-2.52716064453125
-9.677658081054688
-5.874099731445313
8.405799865722656
8.976440429687502
-2.919692993164063
-10.060310363769533
-6.114425659179688
8.316078186035156
8.860549926757814
-3.0259704589843754
-10.18180847167969
-6.252212524414063
8.242645263671875
8.83464813232422
-3.0032730102539067
-10.27233123779297
-6.4017486572265625
8.277359008789062
8.978843688964844
-2.9479980468750004
-10.255775451660158
-6.21135711669922
8.395118713378906
8.77349853515625
-3.133316040039063
-10.270462036132812
-5.933380126953125
8.531837463378906
8.754005432128908
-3.2136917114257812
-10.193557739257814
-5.856475830078126
8.512344360351562
8.743057250976562
-3.3156967163085938
-10.312652587890625
-6.219635009765625
8.223953247070312
8.552131652832033
-3.0401229858398438
-10.005836486816408
-5.674629211425782
9.133987426757812
8.91021728515625
-3.147201538085938
-10.21331787109375
-5.780372619628907
8.716087341308596
8.474159240722658
-3.276443481445313
-10.006904602050783
-5.505332946777344
8.733711242675783
8.356933593750002
-3.4403991699218754
-10.11558532714844
-5.424423217773438
8.811683654785158
8.266944885253906
-3.4358596801757812
-10.018119812011719
-5.505867004394532
8.617286682128908
8.150520324707031
-3.6337280273437504
-10.383682250976564
-5.784912109375001
8.51127624511719
8.058662414550781
-3.740005493164063
-10.44403076171875
-5.965156555175782
8.215408325195314
7.81139373779297
-4.039077758789063
-10.542297363281252
-5.613212585449219
8.713150024414064
7.747573852539063
-3.933868408203125
-10.38047790527344
-5.565147399902345
8.732376098632814
7.87334442138672
-3.730392456054688
-10.359649658203127
-5.52642822265625
8.839454650878906
8.102989196777344
-3.6580276489257817
-10.51719665527344
-5.777435302734376
8.573760986328127
7.59777069091797
-4.460449218750001
-11.220550537109375
-6.162223815917969
8.11607360839844
7.219123840332032
-4.570465087890626
-11.117744445800783
-6.074104309082032
8.46000671386719
7.32219696044922
-4.439888000488281
-10.589561462402346
-5.33763885498047
8.595123291015627
7.365455627441407
-4.4716644287109375
-10.78716278076172
-5.591316223144532
8.478431701660156
7.102699279785156
-4.971275329589844
-11.44512176513672
-6.263961791992188
8.13529968261719
6.434326171875001
-5.6722259521484375
-11.9586181640625
-6.360092163085938
7.864532470703126
6.298141479492188
-5.4756927490234375
-11.690254211425781
-6.197204589843751
7.9299545288085955
6.447677612304688
-5.25218963623047
-11.243782043457033
-5.740852355957031
8.532371520996094
6.593208312988282
-5.233497619628906
-11.455268859863283
-5.992126464843751
8.112602233886719
6.321372985839845
-5.571823120117188
-11.903877258300781
-6.364631652832031
7.6728057861328125
5.569686889648438
-6.130714416503906
-12.064094543457031
-6.321105957031251
7.66399383544922
5.3881072998046875
-6.052742004394531
-11.811218261718752
-6.0375213623046875
7.773475646972657
5.772895812988282
-6.000671386718751
-11.762351989746096
-5.759544372558595
8.125419616699219
5.825500488281251
-5.969161987304688
-11.63658142089844
-5.785446166992188
7.87334442138672
5.578498840332032
-5.990257263183595
-12.132987976074219
-6.314163208007813
7.69176483154297
5.346183776855469
-6.326179504394532
-12.098541259765627
-6.029510498046876
7.832489013671876
5.626831054687501
-6.021232604980469
-12.225112915039064
-6.26689910888672
7.763328552246095
5.596656799316406
-6.007347106933595
-12.196807861328125
-6.194000244140626
7.6605224609375
5.248451232910157
-6.297607421875
-12.140197753906252
-6.373443603515626
7.301368713378907
4.967803955078126
-6.793212890625001
-12.684135437011719
-6.676788330078126
7.408714294433594
4.74590301513672
-7.200698852539063
-13.028602600097658
-6.212425231933595
7.6738739013671875
4.654579162597656
-6.959304809570313
-12.445678710937502
-5.826034545898438
7.840232849121094
4.714126586914063
-7.078132629394532
-12.597618103027346
-6.13739013671875
7.845573425292969
4.920272827148438
-6.956634521484375
-12.660102844238283
-5.873565673828126
7.762794494628907
4.51812744140625
-7.266120910644532
-12.535133361816406
-5.82256317138672
7.8789520263671875
4.507179260253907
-7.374534606933595
-12.785606384277346
-5.800933837890625
7.743568420410157
4.303970336914063
-7.349700927734376
-12.777061462402346
-5.691184997558594
8.32275390625
4.633750915527344
-7.20043182373047
-12.727394104003908
-5.704536437988281
7.99510955810547
4.069786071777345
-7.734222412109376
-13.186416625976564
-6.014556884765625
7.720069885253907
3.950424194335938
-7.753181457519532
-13.064918518066408
-6.227912902832032
7.321929931640625
3.6892700195312504
-7.666931152343751
-13.0609130859375
-6.45275115966797
7.11925506591797
3.448143005371094
-7.901115417480469
-12.97386169433594
-5.9467315673828125
7.275199890136719
3.4785842895507817
-8.374557495117188
-13.62968444824219
-6.553688049316407
6.780662536621095
2.878837585449219
-8.745193481445312
-13.952789306640627
-6.705627441406251
6.699485778808595
2.811279296875
-8.93718719482422
-14.295921325683594
-6.848220825195313
6.928062438964844
2.9429244995117188
-8.750801086425783
-13.692703247070314
-6.29039764404297
7.049827575683595
3.0339813232421875
-8.294181823730469
-13.387756347656252
-6.389198303222656
7.082405090332032
3.064422607421875
-8.833580017089844
-14.042510986328127
-6.63005828857422
6.8289947509765625
2.709007263183594
-8.81034851074219
-14.02996063232422
-6.606292724609376
6.649017333984376
2.4718856811523438
-9.177513122558596
-14.218482971191408
-6.747283935546876
6.594276428222656
2.1146011352539062
-9.435462951660158
-14.3768310546875
-6.596679687500001
6.903762817382813
2.178421020507813
-9.422912597656252
-14.265213012695314
-6.71337127685547
6.560630798339845
1.8569183349609377
-9.785537719726564
-14.741058349609375
-6.861839294433595
6.488533020019531
1.7653274536132815
-9.847755432128906
-14.563484191894533
-6.65435791015625
6.4284515380859375
1.6764068603515627
-9.802627563476564
-14.787788391113281
-6.910972595214844
6.525917053222657
1.8414306640625
-9.72545623779297
-14.458007812500002
-6.295471191406251
6.910438537597657
1.8360900878906252
-9.620780944824219
-14.419288635253908
-6.594276428222656
6.281585693359375
1.2398147583007815
-10.258979797363283
-14.77897644042969
-6.85222625732422
6.092796325683594
1.049156188964844
-10.371131896972658
-15.113563537597658
-6.937675476074219
6.066360473632813
1.216583251953125
-10.27446746826172
-14.81609344482422
-6.41002655029297
6.560096740722656
1.2774658203125002
-9.936408996582033
-14.398460388183596
-6.259422302246095
6.442871093750001
1.3185882568359375
-9.96604919433594
-14.498596191406252
-6.482925415039063
6.152343750000001
0.5717086791992188
-10.73589324951172
-15.13011932373047
-6.758766174316407
5.949668884277344
0.51910400390625
-10.653114318847656
-14.88578796386719
-6.553955078125001
6.085853576660157
0.42137145996093756
-10.781822204589846
-14.840660095214846
-6.078643798828126
6.590003967285157
0.9917449951171876
-10.311050415039064
-14.278564453125002
-5.5387115478515625
6.844749450683595
1.1618423461914065
-10.093421936035158
-14.368553161621096
-6.083717346191407
6.4818572998046875
0.8761215209960939
-10.455513000488283
-14.809951782226562
-6.290931701660156
6.183319091796875
0.6632995605468751
-10.688362121582033
-15.046272277832033
-6.386528015136719
6.112556457519532
0.4082870483398438
-10.659523010253908
-14.66869354248047
-6.043395996093751
6.389732360839845
0.6208419799804689
-10.392227172851562
-14.247589111328127
-5.661811828613281
6.47705078125
0.32924652099609375
-11.081695556640627
-15.578193664550783
-6.921653747558595
5.403594970703126
-0.7786560058593751
-12.185325622558596
-16.08047485351563
-6.947822570800782
5.479164123535157
-0.2947998046875
-11.387176513671877
-15.595283508300783
-6.4626312255859375
5.837249755859375
-0.1297760009765625
-11.336441040039062
-15.348815917968752
-6.169166564941407
5.978240966796875
-0.15674591064453125
-11.285171508789062
-15.31597137451172
-6.206016540527345
6.003074645996094
-0.3628921508789063
-11.555938720703125
-15.57151794433594
-6.363296508789063
5.567817687988282
-0.7949447631835939
-11.877708435058594
-16.01932525634766
-6.79027557373047
5.178756713867188
-1.324729919433594
-12.370376586914062
-16.08127593994141
-6.698684692382813
5.209465026855469
-1.269989013671875
-12.215766906738283
-16.01291656494141
-6.79882049560547
5.26927947998047
-1.0304641723632815
-11.946868896484375
-15.724792480468754
-6.616439819335938
5.396919250488282
-1.175193786621094
-12.362098693847656
-15.965652465820312
-6.458625793457032
5.272483825683594
-1.3068389892578127
-12.261695861816408
-16.045494079589847
-6.6239166259765625
4.926681518554688
-1.7789459228515627
-12.537269592285156
-16.000633239746094
-6.686134338378907
5.010528564453125
-1.7447662353515627
-12.642211914062502
-16.048698425292972
-6.360359191894532
5.348854064941406
-1.370391845703125
-12.428855895996094
-16.049499511718754
-6.221504211425781
5.306663513183595
-1.654510498046875
-12.760505676269531
-16.37393951416016
-6.651954650878907
4.975013732910156
-2.0550537109375
-12.768249511718752
-16.035614013671875
-6.175575256347656
5.225219726562501
-1.9896316528320315
-12.800559997558594
-16.110916137695312
-6.2041473388671875
5.6284332275390625
-1.425933837890625
-12.273712158203127
-15.769920349121096
-5.96141815185547
5.3614044189453125
-1.6716003417968752
-12.636070251464846
-16.034011840820312
-6.036720275878907
5.388641357421876
-1.7340850830078127
-12.754364013671877
-16.122665405273438
-6.216697692871094
5.160064697265625
-2.0932388305664062
-12.796287536621096
-16.02706909179688
-6.006546020507813
5.3106689453125
-2.0211410522460938
-12.71324157714844
-15.92266082763672
-5.657806396484375
5.392913818359375
-2.1952438354492188
-12.724456787109377
-15.667381286621096
-5.643920898437501
5.675430297851563
-1.9458389282226565
-12.762641906738283
-15.999031066894531
-6.251411437988282
4.616127014160157
-2.632369995117188
-13.067321777343752
-16.4361572265625
-6.282653808593751
4.80571746826172
-2.6291656494140625
-13.222999572753908
-16.32427215576172
-6.039123535156251
5.1306915283203125
-2.409133911132813
-12.798957824707033
-15.831871032714846
-5.724830627441407
5.290641784667969
-2.323684692382813
-13.01525115966797
-16.06098175048828
-5.80333709716797
5.007591247558594
-2.814750671386719
-13.482017517089846
-16.40625
-6.09600067138672
4.5058441162109375
-3.3691024780273438
-14.019546508789064
-17.154197692871097
-6.677856445312501
4.2569732666015625
-3.573112487792969
-14.173622131347656
-16.93149566650391
-6.415634155273438
4.325332641601563
-3.5626983642578125
-14.112739562988281
-16.68182373046875
-6.165962219238282
4.3408203125
-3.751487731933594
-14.378433227539064
-17.083702087402344
-6.425514221191406
4.064712524414063
-4.023056030273438
-14.60887908935547
-17.235908508300785
-6.817779541015626
3.444137573242188
-4.458045959472656
-14.986457824707033
-17.657546997070316
-6.780128479003907
3.561630249023438
-4.581413269042969
-14.949607849121096
-17.501068115234375
-7.0111083984375
3.2355880737304688
-4.84710693359375
-15.044136047363283
-17.385444641113285
-6.576919555664063
3.741874694824219
-4.40624237060547
-14.794197082519533
-17.399330139160156
-6.720848083496095
3.4454727172851562
-4.920806884765625
-15.311965942382814
-17.768898010253906
-6.985740661621095
3.2513427734375
-5.1093292236328125
-15.52532196044922
-17.971038818359375
-7.054634094238282
3.0986022949218754
-5.2097320556640625
-15.538940429687502
-17.826576232910156
-6.957168579101563
3.1787109375000004
-5.046577453613281
-15.376052856445314
-17.782783508300785
-6.557693481445313
3.340263366699219
-5.3277587890625
-15.50315856933594
-17.822036743164066
-6.56597137451172
3.561630249023438
-5.107460021972656
-15.725593566894535
-18.078117370605472
-6.915245056152345
3.1031417846679688
-5.486907958984376
-15.913047790527344
-18.207626342773438
-6.855163574218751
3.0943298339843754
-5.485839843750001
-15.73307037353516
-17.889862060546875
-6.423377990722657
3.5472106933593754
-5.0933074951171875
-15.502624511718752
-17.677574157714847
-6.209754943847657
3.6174392700195317
-5.00091552734375
-15.473518371582033
-17.534179687500004
-6.300544738769531
3.2633590698242188
-5.4927825927734375
-15.44761657714844
-17.429504394531254
-6.378250122070313
3.071365356445313
-5.7464599609375
-16.054840087890625
-18.038597106933594
-6.65782928466797
2.74078369140625
-6.043395996093751
-15.858039855957031
-17.752342224121094
-6.488800048828126
3.02490234375
-5.912818908691407
-16.040153503417972
-18.078651428222656
-6.280250549316407
3.640403747558594
-5.673561096191407
-16.040153503417972
-17.874641418457035
-6.407623291015626
2.8825759887695317
-5.9659576416015625
-15.978202819824219
-17.885322570800785
-6.295738220214844
2.8796386718750004
-6.141395568847656
-16.166725158691406
-18.195343017578125
-6.483459472656251
3.0310440063476562
-6.020164489746094
-16.036949157714847
-17.84446716308594
-6.271171569824219
3.1044769287109375
-6.053810119628907
-16.215858459472656
-17.768096923828125
-5.865554809570313
3.0315780639648438
-6.161956787109376
-16.14429473876953
-17.803344726562504
-5.891723632812501
3.0323791503906254
-6.291732788085938
-16.21372222900391
-17.573699951171875
-5.619354248046876
3.2986068725585938
-5.968093872070313
-15.812911987304688
-17.38731384277344
-5.494384765625001
3.5063552856445317
-5.609741210937501
-15.68687438964844
-17.252464294433594
-5.078620910644532
3.9199829101562504
-5.698394775390626
-15.816116333007814
-17.20733642578125
-5.056457519531251
3.688735961914063
-5.744323730468751
-15.887947082519533
-17.438850402832035
-5.365943908691406
3.5432052612304688
-6.0353851318359375
-16.03214263916016
-17.32990264892578
-5.112800598144532
3.5875320434570312
-5.953941345214845
-15.832672119140627
-17.238845825195312
-5.274620056152344
3.2361221313476562
-6.326179504394532
-16.07620239257813
-17.38864898681641
-5.044708251953125
3.647880554199219
-5.788116455078126
-15.632400512695314
-16.88877105712891
-4.768600463867188
3.600082397460938
-6.30321502685547
-16.128005981445316
-17.25727081298828
-4.7835540771484375
3.5845947265625004
-6.133117675781251
-15.90263366699219
-17.06821441650391
-4.787025451660156
3.483390808105469
-6.19293212890625
-15.831871032714846
-16.71253204345703
-4.271926879882813
3.780593872070313
-6.04259490966797
-15.61424255371094
-16.311187744140625
-4.016113281250001
4.117851257324219
-5.6722259521484375
-15.260696411132814
-16.311721801757812
-4.3915557861328125
3.7138366699218754
-6.107749938964845
-15.93467712402344
-16.882896423339844
-4.29088592529297
3.5373306274414067
-6.566505432128907
-16.26579284667969
-16.97368621826172
-4.343757629394531
3.470840454101563
-6.402282714843751
-16.01825714111328
-16.780357360839847
-4.282875061035156
3.685531616210938
-6.084785461425782
-15.833740234375002
-16.579551696777347
-3.8922119140625
3.788070678710938
-6.10668182373047
-15.500221252441408
-16.45885467529297
-3.795547485351563
3.9207839965820317
-6.255416870117188
-15.863914489746094
-16.450576782226562
-3.762168884277344
3.8679122924804688
-6.1528778076171875
-15.655097961425783
-16.588897705078125
-3.934135437011719
3.768577575683594
-6.535797119140626
-15.993957519531252
-16.55498504638672
-3.674850463867188
3.971519470214844
-6.073303222656251
-15.47618865966797
-16.11011505126953
-3.3952713012695317
4.005165100097656
-6.306953430175782
-15.705032348632814
-15.760574340820312
-3.0395889282226567
4.196624755859376
-6.0182952880859375
-15.365371704101564
-15.752563476562502
-3.2374572753906254
3.8716506958007817
-6.405220031738282
-15.874595642089846
-16.250572204589847
-3.2980728149414062
3.8788604736328125
-6.555557250976563
-15.759773254394535
-16.317062377929688
-3.472976684570313
3.7987518310546875
-6.269836425781251
-15.753631591796877
-16.100234985351566
-3.089523315429688
4.275398254394532
-5.97423553466797
-15.509300231933596
-15.836410522460938
-2.611808776855469
4.45751190185547
-6.080513000488282
-15.528259277343752
-15.84709167480469
-3.026504516601563
3.9149093627929696
-6.5171051025390625
-15.766983032226564
-16.012649536132816
-2.915420532226563
4.095153808593751
-6.302146911621095
-15.87646484375
-16.11118316650391
-3.0200958251953125
4.043617248535156
-6.239929199218751
-15.291938781738283
-15.401954650878906
-2.4104690551757817
4.549903869628906
-5.870361328125
-15.271911621093752
-15.463905334472658
-2.1947097778320312
4.520797729492188
-6.14086151123047
-15.434532165527344
-15.448684692382812
-2.1968460083007817
4.604911804199219
-5.916290283203125
-15.205955505371096
-15.229187011718752
-2.1594619750976562
4.248962402343751
-6.448478698730469
-15.443878173828127
-15.342407226562502
-2.24090576171875
4.3466949462890625
-6.3397979736328125
-15.425987243652346
-15.26603698730469
-1.9861602783203127
4.17339324951172
-6.474647521972657
-15.592613220214844
-15.431861877441408
-2.12554931640625
4.0155792236328125
-6.593208312988282
-15.534934997558596
-15.572853088378908
-2.310867309570313
3.924789428710938
-6.69414520263672
-15.611038208007814
-15.31383514404297
-1.825675964355469
4.3552398681640625
-6.636199951171875
-15.374717712402346
-15.16082763671875
-1.9631958007812504
4.348297119140625
-6.569175720214845
-15.35869598388672
-14.85588073730469
-1.6529083251953127
4.227066040039063
-6.586532592773438
-15.483398437500002
-15.172576904296877
-1.8128585815429688
4.322662353515625
-6.5534210205078125
-15.73734283447266
-15.017433166503908
-1.4144515991210938
4.377670288085938
-6.565170288085938
-15.566978454589846
-15.2142333984375
-1.7960357666015627
4.208106994628906
-6.554756164550782
-15.51383972167969
-15.086860656738283
-1.5236663818359375
4.236679077148438
-6.719245910644531
-15.639076232910158
-15.149612426757814
-1.7348861694335938
4.0956878662109375
-6.89708709716797
-15.755767822265627
-15.101814270019533
-1.120452880859375
4.44976806640625
-6.73553466796875
-15.51891326904297
-14.787254333496096
-1.052093505859375
4.163780212402344
-7.051429748535157
-15.753364562988283
-14.922370910644533
-1.1305999755859377
4.347496032714844
-6.817779541015626
-15.446014404296877
-14.499931335449219
-1.1519622802734375
4.3819427490234375
-6.80950164794922
-15.48126220703125
-14.65293884277344
-0.9551620483398439
4.499702453613282
-6.73686981201172
-15.263633728027346
-14.41314697265625
-0.7434082031250001
4.6842193603515625
-6.420173645019532
-15.108489990234377
-14.280967712402346
-0.8144378662109376
4.5955657958984375
-6.479721069335938
-15.244407653808596
-14.372291564941408
-0.6766510009765626
4.655914306640626
-6.507225036621095
-15.341873168945312
-14.625701904296877
-0.9065628051757814
4.613990783691407
-6.602821350097656
-15.52745819091797
-14.23637390136719
-0.4878616333007813
4.63909149169922
-6.5523529052734375
-15.396614074707033
-14.38671112060547
-0.6814575195312501
4.496498107910156
-6.562500000000001
-14.96776580810547
-13.941040039062502
-0.37036895751953125
4.630279541015626
-6.552085876464845
-15.178985595703127
-14.055328369140627
-0.24085998535156253
4.62841033935547
-6.599617004394532
-15.525588989257814
-14.570960998535158
-0.7802581787109376
4.047088623046875
-7.180137634277345
-15.594215393066408
-14.146919250488281
-0.32096862792968756
4.132537841796876
-7.094154357910157
-15.393943786621096
-14.21501159667969
-0.25260925292968756
4.39769744873047
-6.783599853515626
-15.319709777832033
-14.00138854980469
0.22670745849609378
4.645767211914063
-6.670646667480469
-15.470848083496096
-14.034767150878908
0.04859924316406251
4.370994567871095
-6.862640380859376
-15.207290649414064
-13.878288269042969
0.11722564697265626
4.396095275878906
-6.885871887207032
-15.268707275390627
-13.737564086914064
-0.004539489746093751
4.365653991699219
-6.931533813476563
-15.267906188964846
-13.733291625976564
0.14553070068359378
4.473800659179688
-6.995086669921876
-15.310363769531252
-13.751716613769533
0.2972030639648438
4.2932891845703125
-6.959838867187501
-15.269508361816408
-13.67240905761719
0.2835845947265625
4.436149597167969
-6.981201171875001
-15.346412658691408
-13.637695312500002
0.22830963134765628
4.150695800781251
-7.115783691406251
-15.378189086914062
-13.629150390625
0.24780273437500003
4.360313415527345
-6.861572265625001
-15.068969726562502
-13.405914306640625
0.3901290893554688
4.328804016113282
-6.9432830810546875
-15.146141052246096
-13.327674865722658
0.7052230834960938
4.4535064697265625
-6.924591064453126
-15.12371063232422
-13.065986633300783
1.03179931640625
4.535484313964844
-6.895217895507813
-14.978713989257814
-13.003234863281252
1.1255264282226562
4.8529815673828125
-6.796150207519532
-15.099678039550783
-13.337287902832033
0.8339309692382812
4.5774078369140625
-6.902160644531251
-15.122108459472658
-13.092956542968752
1.1832046508789062
4.645233154296875
-6.716041564941407
-14.966163635253908
-13.158111572265625
1.1613082885742188
4.666595458984376
-6.8909454345703125
-14.702339172363283
-12.682533264160156
1.4360809326171877
4.681015014648438
-6.976661682128906
-14.897003173828127
-12.992019653320312
0.9968185424804688
4.2665863037109375
-7.345695495605469
-15.44414520263672
-13.185081481933596
0.9492874145507814
4.261512756347656
-7.24742889404297
-15.282325744628908
-12.932739257812502
1.4395523071289065
4.5218658447265625
-6.99188232421875
-14.885520935058596
-12.523651123046877
1.6181945800781252
4.672203063964845
-6.733932495117188
-14.52129364013672
-12.128181457519533
1.963462829589844
4.879150390625001
-6.573982238769532
-14.665222167968752
-12.523384094238283
1.5135192871093752
4.246559143066406
-7.497367858886719
-15.461769104003908
-12.973594665527346
1.5525054931640625
4.511451721191406
-7.148094177246095
-15.05668640136719
-12.623252868652344
1.6037750244140625
4.5410919189453125
-6.975860595703125
-14.66361999511719
-12.05394744873047
2.267875671386719
5.208396911621095
-6.360092163085938
-14.220352172851562
-11.901473999023438
2.3717498779296875
5.213470458984375
-6.71337127685547
-14.570960998535158
-11.982116699218752
2.0895004272460938
4.773406982421876
-6.862640380859376
-14.941864013671877
-12.457427978515627
1.761322021484375
4.443359375000001
-7.241287231445313
-15.135993957519533
-12.508697509765627
1.784019470214844
4.4732666015625
-6.990280151367188
-14.487648010253908
-11.761817932128908
2.130889892578125
4.690895080566406
-6.67491912841797
-14.460678100585938
-11.96556091308594
2.3226165771484375
4.8406982421875
-6.810302734375001
-14.61021423339844
-12.03685760498047
2.0304870605468754
4.254035949707031
-7.387619018554688
-15.04467010498047
-12.17010498046875
2.107391357421875
4.231872558593751
-7.402305603027345
-15.069770812988283
-12.159156799316408
2.182693481445313
4.297828674316406
-7.220726013183595
-14.834251403808596
-12.076911926269533
2.12127685546875
4.439888000488281
-7.106170654296876
-14.518089294433596
-11.812820434570314
2.5017929077148438
4.540557861328126
-7.227134704589845
-14.745864868164064
-11.880912780761719
2.3025894165039062
4.06017303466797
-7.435951232910157
-14.880714416503908
-12.047004699707031
1.837425231933594
3.832664489746094
-7.966804504394532
-15.49674987792969
-12.630729675292969
1.6617202758789062
3.7821960449218754
-7.839965820312501
-15.240669250488283
-12.30308532714844
1.9204711914062502
3.956031799316407
-7.393760681152345
-14.792861938476564
-11.73778533935547
2.6377105712890625
4.2409515380859375
-7.724876403808595
-15.140800476074219
-12.064094543457031
2.1356964111328125
3.826255798339844
-7.875747680664064
-15.137329101562502
-11.951675415039064
2.1797561645507817
3.8761901855468754
-8.102455139160156
-15.646018981933594
-12.392272949218752
1.8742752075195315
3.6751174926757817
-7.879753112792969
-15.32451629638672
-12.075576782226564
2.197113037109375
3.7434768676757812
-7.714996337890626
-15.01049041748047
-11.997337341308594
2.290306091308594
3.9050292968750004
-7.803649902343751
-15.089263916015627
-11.75487518310547
2.2812271118164067
3.5952758789062504
-8.222084045410158
-15.586738586425783
-12.143402099609375
1.9693374633789062
3.3132934570312504
-8.182029724121096
-15.550422668457033
-12.425918579101562
1.7933654785156252
3.041191101074219
-8.639450073242188
-15.791816711425783
-12.346343994140627
1.9282150268554688
3.295402526855469
-8.10325622558594
-15.34160614013672
-11.956214904785158
2.3260879516601567
3.5888671875000004
-7.977218627929688
-15.352020263671877
-11.84165954589844
2.3698806762695317
3.417434692382813
-8.254127502441406
-15.345611572265625
-12.045402526855469
2.3797607421875
3.436660766601563
-8.411140441894533
-15.653762817382812
-12.271575927734377
1.944236755371094
2.891387939453125
-8.65440368652344
-15.692481994628908
-12.023773193359377
2.1810913085937504
3.2403945922851562
-8.582839965820312
-15.832939147949219
-12.058486938476564
2.2598648071289067
3.2313156127929688
-8.40179443359375
-15.423316955566408
-11.67289733886719
2.4884414672851562
3.1784439086914062
-8.526496887207031
-15.602493286132814
-11.993598937988281
2.3044586181640625
2.9116821289062504
-8.793792724609377
-15.760574340820312
-11.911888122558594
2.386703491210938
3.0983352661132812
-8.61808776855469
-15.57151794433594
-11.702537536621096
2.5549316406250004
3.3015441894531254
-8.540382385253908
-15.436134338378908
-11.453933715820314
2.7236938476562504
3.357620239257813
-8.350791931152344
-15.467910766601562
-11.589050292968752
2.872695922851563
3.326377868652344
-8.545188903808594
-15.58647155761719
-11.679573059082033
2.455596923828125
2.8433227539062504
-8.719291687011719
-15.40142059326172
-11.405601501464846
2.8526687622070317
3.243064880371094
-8.575897216796877
-15.544815063476564
-11.403732299804688
2.9095458984375
3.113822937011719
-8.678970336914064
-15.64548492431641
-11.637382507324219
2.7247619628906254
3.1218338012695317
-8.376426696777346
-15.463905334472658
-11.628570556640625
2.685508728027344
3.0182266235351562
-8.802337646484375
-15.794219970703127
-11.66088104248047
2.6911163330078125
2.9696273803710938
-8.903808593750002
-15.886611938476566
-11.738586425781252
2.6126098632812504
2.8222274780273438
-8.98712158203125
-15.972061157226564
-11.590919494628908
2.585105895996094
2.4465179443359375
-9.296340942382812
-16.146697998046875
-11.773834228515627
2.4518585205078125
2.434768676757813
-9.2669677734375
-15.923194885253906
-11.516418457031252
2.731170654296875
2.618484497070313
-9.190330505371094
-16.09195709228516
-11.986122131347656
2.2475814819335938
2.143974304199219
-9.658164978027346
-16.241226196289062
-11.814956665039064
2.3482513427734375
2.3469161987304688
-9.401817321777344
-16.0089111328125
-11.588783264160158
2.353324890136719
2.1570587158203125
-9.402351379394533
-15.851898193359377
-11.297988891601564
2.805404663085938
2.3859024047851562
-9.282989501953125
-15.857505798339847
-11.277694702148438
3.019828796386719
2.757072448730469
-9.02183532714844
-15.80863952636719
-11.299858093261719
2.877769470214844
2.4636077880859375
-9.347877502441408
-16.14910125732422
-11.735115051269533
2.5325012207031254
2.1089935302734375
-9.641075134277346
-16.16485595703125
-11.626167297363283
2.6887130737304688
2.0053863525390625
-9.919319152832033
-16.31092071533203
-11.721496582031252
2.6678848266601567
2.1159362792968754
-9.978065490722656
-16.340026855468754
-11.30626678466797
3.1004714965820317
2.4094009399414062
-9.525184631347658
-16.060714721679688
-11.241645812988283
2.963485717773438
2.1573257446289067
-9.700088500976562
-16.269798278808597
-11.625366210937502
2.6406478881835938
2.168807983398438
-9.54601287841797
-16.015586853027344
-11.424560546875
2.7247619628906254
2.0435714721679688
-9.5745849609375
-16.05083465576172
-11.447792053222658
2.7685546875000004
2.0710754394531254
-9.59300994873047
-16.14536285400391
-11.107864379882812
3.2606887817382817
2.3207473754882812
-9.50408935546875
-15.93547821044922
-11.044311523437502
3.0022048950195317
2.109527587890625
-9.778594970703125
-16.305847167968754
-11.193313598632812
3.017959594726563
2.025680541992188
-9.935073852539062
-16.282348632812504
-11.35459899902344
2.8064727783203125
1.871604919433594
-9.818649291992188
-15.91251373291016
-10.941238403320314
3.1637573242187504
2.045440673828125
-9.65202331542969
-15.89756011962891
-10.842170715332033
3.314628601074219
2.3132705688476567
-9.605560302734377
-16.02359771728516
-10.66112518310547
3.6817932128906254
2.3199462890625004
-9.385528564453125
-15.807838439941408
-10.853118896484377
3.327178955078125
1.8993759155273438
-10.175399780273438
-16.271934509277344
-11.10679626464844
3.002471923828125
1.8302154541015627
-9.861640930175781
-16.04709625244141
-10.83709716796875
3.319168090820313
2.0350265502929688
-9.820518493652346
-15.879669189453125
-10.425338745117188
3.7119674682617188
2.5268936157226567
-8.907814025878906
-15.288467407226562
-10.477142333984377
3.497276306152344
2.1407699584960938
-9.554824829101564
-15.73253631591797
-10.358848571777344
3.600082397460938
2.039566040039063
-9.66991424560547
-16.029472351074222
-10.86112976074219
3.2735061645507817
1.7581176757812502
-9.888610839843752
-15.909843444824219
-10.452575683593752
3.700218200683594
2.1698760986328125
-9.497413635253906
-15.555496215820312
-9.9078369140625
4.059104919433595
2.4296951293945317
-9.20768737792969
-15.272178649902344
-10.06084442138672
3.850021362304688
2.2192764282226567
-9.407691955566406
-15.370178222656252
-10.0360107421875
3.784866333007813
2.20245361328125
-9.66777801513672
-15.793952941894531
-10.228538513183596
3.964576721191407
2.094573974609375
-9.746551513671877
-15.851364135742188
-10.072059631347658
3.886070251464844
1.7981719970703127
-10.11638641357422
-16.002769470214847
-10.226936340332033
3.6412048339843754
1.8606567382812502
-9.913711547851562
-15.875129699707033
-10.142555236816408
3.859634399414063
1.7461013793945312
-10.069389343261719
-15.909576416015627
-10.41252136230469
3.4048843383789062
1.3327407836914065
-10.440025329589846
-16.35711669921875
-10.559387207031252
3.493270874023438
1.4513015747070315
-10.425605773925781
-16.267395019531254
-10.59062957763672
3.3440017700195317
1.4681243896484375
-10.066452026367188
-16.171531677246094
-10.277671813964846
3.746414184570313
1.7826843261718752
-9.787139892578127
-15.992622375488285
-10.261383056640625
3.675918579101563
1.6411590576171875
-9.84428405761719
-15.793151855468754
-10.30651092529297
3.483657836914063
1.2788009643554688
-10.510520935058596
-16.47380828857422
-10.564727783203127
3.4430694580078125
1.1490249633789065
-10.513725280761719
-16.210250854492188
-10.387420654296877
3.5079574584960938
1.2993621826171875
-10.340423583984377
-16.107444763183594
-10.266990661621096
3.594741821289063
1.2726593017578125
-10.289955139160158
-16.03240966796875
-10.059509277343752
3.8171768188476567
1.4382171630859377
-10.245361328125
-15.963783264160158
-9.85870361328125
3.9813995361328125
1.4958953857421877
-10.14629364013672
-15.855102539062502
-9.923324584960938
3.9672470092773438
1.5979003906250002
-9.943351745605469
-15.594749450683594
-9.422912597656252
4.261245727539063
1.481475830078125
-10.09208679199219
-15.680999755859377
-9.594078063964844
4.038543701171875
1.5242004394531252
-9.991149902343752
-15.605430603027346
-9.61650848388672
4.073524475097657
1.4713287353515627
-10.258178710937502
-15.8721923828125
-9.737205505371094
3.907699584960938
1.272125244140625
-10.331611633300783
-16.124267578125
-9.960174560546877
3.973121643066407
1.1535644531250002
-10.51933288574219
-16.12960815429688
-9.936408996582033
3.9757919311523438
1.0368728637695312
-10.649909973144533
-16.18888854980469
-9.811172485351562
3.7608337402343754
1.0924148559570312
-10.417327880859375
-16.045494079589847
-9.67205047607422
3.9477539062500004
0.9060287475585939
-10.928421020507812
-16.39049530029297
-9.905166625976564
3.9838027954101567
1.1332702636718752
-10.423202514648438
-16.066856384277347
-9.75669860839844
3.9501571655273438
1.0181808471679688
-10.612792968750002
-16.00811004638672
-9.542007446289062
4.049758911132813
0.9743881225585939
-10.691566467285158
-16.132011413574222
-9.56523895263672
4.15283203125
1.1431503295898438
-10.436553955078125
-15.809707641601562
-9.342536926269531
4.065513610839844
0.9936141967773439
-10.577545166015625
-16.145095825195312
-9.648017883300781
4.142417907714844
0.9701156616210939
-10.70304870605469
-16.14963531494141
-9.625053405761719
4.169921875000001
1.0155105590820315
-10.71372985839844
-16.06231689453125
-9.399414062500002
4.086608886718751
0.94635009765625
-10.761528015136719
-16.36219024658203
-9.903297424316406
3.950424194335938
0.9685134887695314
-10.401306152343752
-16.093559265136722
-9.758567810058594
3.7568283081054688
0.6181716918945312
-10.931091308593752
-16.54350280761719
-9.991416931152344
3.4497451782226562
0.15594482421875
-11.298255920410158
-16.69437408447266
-10.030670166015627
3.5792541503906254
0.26088714599609375
-11.379699707031252
-16.821746826171875
-10.027999877929688
3.389396667480469
0.142059326171875
-11.414680480957033
-16.715736389160156
-9.957771301269533
3.606224060058594
0.23258209228515628
-11.21227264404297
-16.57154083251953
-10.047760009765625
3.3506774902343754
-0.03498077392578126
-11.644058227539062
-16.85966491699219
-9.924659729003906
3.6625671386718754
0.27503967285156256
-10.860595703125002
-16.27086639404297
-9.521980285644531
4.064979553222657
0.49961090087890625
-10.939903259277346
-16.108245849609375
-9.161491394042969
4.4332122802734375
0.7324600219726564
-10.78502655029297
-16.044692993164062
-9.133453369140625
4.368057250976563
0.7986831665039064
-10.659523010253908
-15.961914062500002
-8.99059295654297
4.51812744140625
0.6016159057617188
-11.053123474121094
-16.108245849609375
-8.943061828613283
4.4695281982421875
0.6926727294921875
-10.857124328613281
-16.003036499023438
-9.053077697753906
4.498901367187501
0.7711791992187501
-10.851783752441408
-16.029472351074222
-8.843193054199219
4.6479034423828125
0.8942794799804689
-10.607986450195312
-15.611038208007814
-8.669624328613281
4.582748413085938
0.8288574218750001
-10.778350830078127
-15.777130126953125
-8.433303833007814
5.00732421875
1.1455535888671875
-10.424003601074219
-15.528793334960938
-8.424224853515625
4.966201782226563
1.1327362060546877
-10.645637512207031
-15.797157287597656
-8.633308410644531
4.654312133789063
0.6657028198242189
-10.884361267089846
-15.8380126953125
-8.397789001464846
4.986228942871095
0.7888031005859376
-10.705986022949219
-15.653762817382812
-8.406867980957033
5.078353881835938
0.9241867065429688
-10.67901611328125
-15.638542175292969
-8.108329772949219
5.344848632812501
0.9161758422851564
-10.784492492675781
-15.777130126953125
-8.430633544921877
4.887428283691406
0.838470458984375
-10.913467407226562
-15.923194885253906
-8.540916442871096
4.969139099121094
0.7092285156250001
-10.864334106445314
-15.83854675292969
-8.519287109375
4.737892150878907
0.42697906494140625
-11.067543029785158
-15.889282226562502
-8.463211059570314
4.691429138183595
0.4216384887695313
-10.925750732421877
-15.581398010253906
-8.092308044433596
5.009727478027345
0.7522201538085939
-10.616798400878906
-15.628929138183596
-8.402862548828125
4.740829467773438
0.45555114746093756
-10.683555603027344
-15.6585693359375
-8.315010070800781
4.984893798828126
0.6069564819335938
-11.04911804199219
-15.89275360107422
-8.372688293457033
4.918937683105469
0.7105636596679688
-10.950317382812502
-15.870590209960938
-8.288841247558596
4.971809387207032
0.6117630004882812
-10.933227539062502
-15.662040710449219
-8.107528686523438
5.127220153808595
0.8267211914062501
-10.601844787597658
-15.611305236816408
-8.236770629882814
4.925079345703126
0.5169677734375
-11.170616149902346
-16.11972808837891
-8.357200622558596
4.713325500488282
-0.03391265869140625
-11.426429748535158
-15.91197967529297
-8.126754760742188
4.963264465332032
0.32737731933593756
-11.068611145019531
-15.72319030761719
-8.167877197265627
4.890899658203126
0.32844543457031256
-10.87902069091797
-15.510902404785158
-7.889633178710938
5.018806457519531
0.1895904541015625
-11.381301879882814
-16.05270385742188
-8.10405731201172
5.181427001953126
0.42724609375000006
-11.206398010253906
-15.980873107910156
-8.180160522460938
4.72667694091797
0.04913330078125
-11.263008117675781
-16.03801727294922
-8.092041015625
4.882888793945313
0.009078979492187502
-11.330299377441406
-16.12613677978516
-8.308334350585938
4.64763641357422
-0.1361846923828125
-11.305732727050783
-15.832672119140627
-7.943572998046876
4.991035461425782
-0.0080108642578125
-11.440849304199219
-15.979270935058597
-7.950515747070313
4.897308349609376
-0.08758544921875
-11.435241699218752
-16.067924499511722
-8.216743469238283
4.676475524902344
-0.163421630859375
-11.57756805419922
-16.161117553710938
-8.258132934570312
4.761924743652345
0.06034851074218751
-11.220283508300783
-15.832672119140627
-8.009796142578127
4.6671295166015625
-0.38825988769531256
-11.523361206054688
-16.083412170410156
-8.162803649902346
4.904518127441406
-0.029640197753906253
-11.501197814941408
-16.068725585937504
-8.063735961914062
4.719200134277345
-0.48492431640625006
-11.782913208007812
-16.024932861328125
-7.916870117187501
4.877548217773438
-0.34633636474609375
-11.753005981445314
-16.09622955322266
-8.016204833984375
4.796905517578125
-0.2942657470703125
-11.668357849121096
-16.060447692871097
-7.90191650390625
4.6585845947265625
-0.6224441528320314
-11.95648193359375
-16.271934509277344
-8.107795715332033
4.6382904052734375
-0.3100204467773438
-11.55754089355469
-16.000900268554688
-7.9537200927734375
4.712524414062501
-0.5412673950195314
-11.868629455566408
-16.179008483886722
-8.068275451660156
4.592361450195313
-0.6448745727539062
-11.957283020019531
-16.118659973144535
-7.939033508300781
4.6575164794921875
-0.8697128295898438
-12.067298889160158
-16.383819580078125
-8.230361938476564
4.531745910644531
-0.5439376831054688
-11.615486145019533
-16.03668212890625
-7.931823730468751
4.719200134277345
-0.5279159545898439
-11.663551330566406
-16.041488647460938
-7.804450988769531
4.76940155029297
-0.6956100463867189
-11.999206542968752
-16.40972137451172
-8.17028045654297
4.593963623046876
-0.8080291748046876
-12.237663269042969
-16.426811218261722
-7.916336059570313
4.55791473388672
-0.8398056030273439
-11.946601867675783
-16.22226715087891
-7.967605590820313
4.749908447265625
-0.4568862915039063
-11.566619873046877
-15.81932067871094
-7.557983398437501
4.85565185546875
-0.5759811401367188
-11.741256713867188
-16.083145141601562
-7.736892700195313
4.775276184082032
-0.571441650390625
-11.614151000976564
-16.07700347900391
-7.72808074951172
4.899177551269532
-0.7022857666015626
-11.923370361328127
-16.231613159179688
-7.780151367187501
4.941368103027345
-0.6512832641601564
-11.916961669921877
-16.137084960937504
-7.755584716796876
4.814796447753906
-0.7532882690429689
-11.941795349121096
-16.419868469238285
-7.8522491455078125
4.793701171875
-0.9378051757812501
-12.239532470703127
-16.466865539550785
-7.915802001953127
4.669265747070313
-0.8854675292968751
-12.20428466796875
-16.376609802246097
-7.811126708984375
4.734420776367188
-0.8181762695312501
-11.844062805175783
-15.965652465820312
-7.714996337890626
4.751510620117188
-0.973052978515625
-12.182922363281252
-16.20197296142578
-7.567329406738282
4.76085662841797
-1.0862731933593752
-12.24540710449219
-16.18755340576172
-7.563858032226563
4.73522186279297
-0.9832000732421875
-12.023773193359377
-16.083412170410156
-7.639694213867188
4.836158752441407
-0.7936096191406251
-12.08251953125
-16.314659118652344
-7.8159332275390625
4.640159606933594
-1.0285949707031252
-12.086791992187502
-16.074867248535156
-7.611923217773438
4.728813171386719
-1.1578369140625002
-12.293472290039064
-16.342697143554688
-7.555847167968751
4.7365570068359375
-1.2355422973632815
-12.281188964843752
-16.243629455566406
-7.195358276367188
5.3336334228515625
-0.697479248046875
-12.039527893066406
-16.122665405273438
-7.226333618164063
5.249252319335938
-0.7888031005859376
-12.028045654296877
-16.146965026855472
-7.437286376953125
4.987297058105469
-1.0408782958984375
-12.371177673339844
-16.461524963378906
-7.656784057617188
4.8236083984375
-1.2320709228515625
-12.42137908935547
-16.332015991210938
-7.552108764648438
4.76165771484375
-1.2774658203125002
-12.401885986328127
-16.247634887695312
-7.277069091796875
5.160865783691406
-0.8993530273437501
-12.24834442138672
-16.0089111328125
-7.132873535156251
5.051918029785157
-0.9514236450195314
-12.091331481933596
-15.986480712890625
-7.093086242675781
5.145912170410156
-0.9431457519531251
-11.934318542480469
-16.013450622558597
-7.368927001953126
4.966735839843751
-1.13861083984375
-12.29961395263672
-16.055374145507816
-7.0244598388671875
4.989166259765625
-1.30523681640625
-12.29747772216797
-16.11038208007813
-7.18334197998047
5.051116943359376
-1.2606430053710938
-12.203216552734377
-16.030273437500004
-7.11284637451172
5.041503906250001
-1.0977554321289065
-12.271575927734377
-16.013450622558597
-6.990013122558594
5.153388977050781
-1.0753250122070315
-12.113494873046877
-16.14616394042969
-7.052230834960938
5.20519256591797
-1.2435531616210938
-12.53379821777344
-16.254310607910156
-7.122192382812501
5.0238800048828125
-1.3770675659179688
-12.472915649414064
-16.27033233642578
-7.198829650878906
4.956321716308595
-1.425132751464844
-12.36503601074219
-16.291961669921875
-7.169723510742188
5.0302886962890625
-1.1613082885742188
-12.175445556640627
-15.863113403320312
-6.686134338378907
5.396118164062501
-0.8456802368164064
-12.094268798828127
-15.888214111328125
-6.5779876708984375
5.6262969970703125
-0.7460784912109375
-11.826438903808596
-15.589942932128908
-6.576385498046876
5.373687744140625
-1.0878753662109375
-12.248077392578125
-16.014251708984375
-6.95770263671875
5.035362243652345
-1.3156509399414065
-12.22564697265625
-16.011314392089844
-6.808967590332031
5.10051727294922
-1.4152526855468752
-12.377052307128906
-15.902099609375002
-6.921119689941407
5.042572021484375
-1.3145828247070312
-12.249145507812502
-15.86845397949219
-6.745681762695313
5.120811462402344
-1.434478759765625
-12.382659912109377
-16.043357849121094
-6.781997680664063
5.173950195312501
-1.3928222656250002
-12.183723449707033
-15.814781188964844
-6.541137695312501
5.470085144042969
-1.2032318115234375
-12.308959960937502
-15.984344482421879
-6.7307281494140625
5.235633850097657
-1.3378143310546877
-12.12577819824219
-15.79448699951172
-6.520309448242188
5.307464599609376
-1.2969589233398438
-12.49053955078125
-16.187820434570312
-6.543540954589845
5.555000305175781
-1.2008285522460938
-12.186660766601564
-15.863647460937502
-6.590805053710938
5.2727508544921875
-1.3241958618164065
-12.394676208496096
-16.06098175048828
-6.54247283935547
5.41961669921875
-1.304435729980469
-12.245674133300781
-15.909309387207033
-6.620712280273438
5.194511413574219
-1.35223388671875
-12.461700439453125
-16.063919067382812
-6.521377563476563
5.44872283935547
-1.2427520751953127
-12.44621276855469
-16.030807495117188
-6.507759094238282
5.380630493164063
-1.3370132446289062
-12.33245849609375
-15.768585205078127
-6.419372558593751
5.15045166015625
-1.480674743652344
-12.465171813964846
-15.896759033203127
-6.367301940917969
5.260200500488281
-1.3816070556640625
-12.312698364257814
-15.99822998046875
-6.443939208984376
5.51921844482422
-1.5893554687500002
-12.71404266357422
-15.972862243652346
-6.443138122558595
5.229225158691407
-1.6160583496093752
-12.669715881347658
-16.013450622558597
-6.395339965820313
5.636711120605469
-1.0940170288085938
-12.193069458007812
-15.790481567382812
-6.121902465820313
5.688514709472656
-1.5097808837890627
-12.588272094726564
-15.846290588378906
-6.04259490966797
5.557937622070313
-1.5143203735351562
-12.465705871582033
-15.91251373291016
-6.30962371826172
5.494384765625001
-1.4342117309570312
-12.382125854492188
-15.995025634765625
-6.378517150878907
5.4148101806640625
-1.4232635498046875
-12.428054809570314
-15.992889404296877
-6.4893341064453125
5.296783447265626
-1.46759033203125
-12.45769500732422
-15.918121337890625
-6.107215881347657
5.663146972656251
-1.5316772460937502
-12.533264160156252
-16.018791198730472
-6.252746582031251
5.42816162109375
-1.6230010986328127
-12.552757263183594
-15.899963378906254
-6.284523010253906
5.256729125976563
-1.8601226806640627
-12.791213989257814
-16.07353210449219
-6.344871520996095
5.376625061035156
-1.6967010498046877
-12.808303833007814
-16.001167297363285
-5.830841064453126
5.854873657226563
-1.2160491943359377
-12.247009277343752
-15.744018554687504
-5.927505493164063
5.710945129394532
-1.3095092773437502
-12.241668701171877
-15.719985961914064
-5.949134826660157
5.485572814941407
-1.5519714355468752
-12.430191040039064
-15.85857391357422
-6.108551025390626
5.466613769531251
-1.8408966064453127
-12.981338500976564
-15.995025634765625
-6.136856079101563
5.3507232666015625
-1.8702697753906252
-12.675056457519533
-15.856437683105469
-5.983848571777344
5.659408569335938
-1.346092224121094
-12.176780700683594
-15.613708496093752
-5.8666229248046875
5.590248107910156
-1.5768051147460938
-12.332191467285158
-15.587005615234377
-5.879707336425782
5.362739562988282
-1.917533874511719
-12.715644836425783
-16.052970886230472
-6.113624572753906
5.553932189941406
-1.5826797485351565
-12.544212341308596
-15.863380432128908
-5.789985656738282
5.732574462890626
-1.7052459716796877
-12.63847351074219
-15.85002899169922
-5.86395263671875
5.51921844482422
-1.7145919799804688
-12.379188537597656
-15.516242980957033
-5.847663879394531
5.530433654785157
-1.5023040771484377
-12.306556701660156
-15.830535888671875
-6.181716918945313
5.392913818359375
-1.738090515136719
-12.540473937988283
-15.840148925781252
-6.090660095214844
5.221748352050782
-1.8654632568359377
-12.677459716796875
-15.974197387695312
-5.950736999511719
5.457000732421876
-1.9698715209960942
-12.815513610839844
-16.025733947753906
-5.932579040527344
5.629768371582032
-1.478538513183594
-12.214965820312502
-15.53733825683594
-5.76061248779297
5.5472564697265625
-1.754112243652344
-12.610168457031252
-15.784873962402347
-5.8036041259765625
5.659408569335938
-1.6035079956054688
-12.462768554687502
-15.873794555664064
-6.0727691650390625
5.104522705078126
-2.118339538574219
-12.752227783203127
-15.843353271484377
-5.853004455566407
5.549125671386719
-1.6894912719726565
-12.486534118652346
-15.662307739257814
-5.800132751464845
5.354194641113282
-1.7287445068359377
-12.167434692382814
-15.62225341796875
-5.66020965576172
5.406799316406251
-1.8689346313476565
-12.506561279296877
-15.599555969238283
-5.506935119628907
5.691184997558594
-1.9049835205078127
-12.637405395507812
-15.676460266113283
-5.857810974121095
5.245246887207032
-1.968002319335938
-12.69695281982422
-15.766181945800781
-5.82042694091797
5.412139892578126
-1.9015121459960938
-12.49614715576172
-15.602760314941408
-5.509071350097656
5.563812255859376
-1.8828201293945315
-12.49107360839844
-15.413703918457033
-5.467414855957032
5.555267333984376
-1.755180358886719
-12.246475219726562
-15.179519653320314
-5.265541076660157
5.497589111328125
-1.9255447387695315
-12.54741668701172
-15.672454833984377
-5.766754150390626
5.179824829101563
-1.9754791259765625
-12.524986267089846
-15.61077117919922
-5.584907531738282
5.72216033935547
-1.7888259887695315
-12.582130432128908
-15.61077117919922
-5.502662658691407
5.535240173339845
-2.0238113403320317
-12.452087402343752
-15.345344543457033
-5.423622131347657
5.419082641601563
-1.8761444091796877
-12.461433410644533
-15.271377563476562
-5.202789306640625
5.8313751220703125
-1.582145690917969
-12.334327697753908
-15.48473358154297
-5.244178771972656
5.900802612304688
-1.7009735107421877
-12.40989685058594
-15.158157348632814
-4.911727905273438
6.033782958984376
-1.5816116333007812
-12.205352783203127
-15.223579406738283
-5.082359313964845
5.92376708984375
-1.6059112548828125
-12.210693359375002
-15.099945068359377
-5.078086853027344
5.942459106445313
-1.5338134765625002
-12.166099548339846
-15.154151916503906
-5.17955780029297
5.758743286132813
-1.6192626953125
-12.416572570800783
-15.282325744628908
-5.270881652832031
5.880508422851563
-1.6491699218750002
-12.453956604003908
-15.458564758300783
-5.102119445800782
6.014289855957032
-1.5733337402343752
-12.242469787597658
-15.42411804199219
-5.223617553710938
5.810012817382813
-1.6822814941406252
-12.299079895019531
-15.174179077148438
-4.85912322998047
6.116027832031251
-1.355705261230469
-11.889991760253908
-14.993934631347656
-5.015068054199219
5.932579040527344
-1.594696044921875
-12.183723449707033
-15.340538024902346
-5.4404449462890625
5.515213012695313
-1.8627929687500002
-12.377052307128906
-15.327453613281252
-5.16033172607422
5.756607055664063
-1.7963027954101565
-12.278518676757814
-15.336799621582033
-5.3325653076171875
5.568084716796875
-2.076683044433594
-12.583198547363281
-15.490608215332033
-5.097846984863282
5.923500061035157
-1.499900817871094
-12.423248291015627
-15.438537597656252
-5.153656005859376
5.653266906738282
-2.0136642456054688
-12.60082244873047
-15.448951721191408
-5.0591278076171875
5.789718627929688
-1.8964385986328127
-12.359161376953125
-15.269241333007814
-4.937095642089844
5.82763671875
-2.0304870605468754
-12.554092407226564
-15.262298583984377
-4.933624267578126
5.66741943359375
-2.1418380737304688
-12.665443420410158
-15.46470642089844
-5.268478393554688
5.4682159423828125
-1.997642517089844
-12.406158447265627
-15.337600708007814
-5.123214721679688
5.358467102050781
-2.2662734985351562
-12.51029968261719
-15.203819274902346
-5.015068054199219
5.734443664550782
-2.0657348632812504
-12.623252868652344
-15.534133911132814
-5.345916748046875
5.328292846679688
-2.0590591430664067
-12.47344970703125
-15.503425598144533
-5.382232666015625
5.2962493896484375
-2.3517227172851562
-12.936477661132814
-15.72105407714844
-5.37395477294922
5.2973175048828125
-2.389640808105469
-12.936744689941408
-15.749626159667969
-5.431098937988282
5.367279052734376
-2.3792266845703125
-12.854499816894533
-15.562705993652346
-5.246582031250001
5.574493408203126
-2.0780181884765625
-12.724189758300781
-15.486335754394533
-5.080490112304688
5.877037048339844
-1.8222045898437502
-12.617378234863281
-15.552825927734377
-5.094642639160157
5.598526000976563
-2.1947097778320312
-12.74314880371094
-15.54454803466797
-5.117340087890625
5.37395477294922
-2.3883056640625
-12.949829101562502
-15.532798767089846
-4.8834228515625
5.749397277832031
-2.145309448242188
-12.616043090820314
-15.43479919433594
-4.985694885253906
5.770759582519532
-2.032890319824219
-12.64060974121094
-15.311965942382814
-4.975013732910156
5.491714477539063
-2.192039489746094
-12.645416259765627
-15.41984558105469
-5.089035034179688
5.6722259521484375
-2.061996459960938
-12.583999633789062
-15.21556854248047
-4.9063873291015625
5.735778808593751
-2.068939208984375
-12.606163024902344
-15.289001464843752
-4.815864562988281
5.986518859863282
-1.9653320312500002
-12.542076110839846
-15.321044921875
-4.859390258789063
5.826034545898438
-2.029953002929688
-12.530860900878908
-15.207290649414064
-4.776077270507813
5.717620849609376
-2.1744155883789067
-12.556228637695314
-15.162429809570314
-4.7899627685546875
5.824165344238282
-2.2545242309570317
-12.647552490234377
-15.55095672607422
-5.163269042968751
5.463142395019531
-2.2761535644531254
-12.807769775390627
-15.28739929199219
-4.889831542968751
5.673561096191407
-2.037162780761719
-12.626991271972656
-15.173377990722658
-4.823341369628906
5.4137420654296875
-2.5292968750000004
-12.76023864746094
-15.216102600097658
-4.768333435058594
5.7464599609375
-2.2214126586914062
-12.715110778808596
-15.478858947753908
-5.0580596923828125
5.3955841064453125
-2.427825927734375
-12.903900146484377
-15.76244354248047
-5.1915740966796875
5.418014526367188
-2.4214172363281254
-12.715644836425783
-15.509834289550783
-5.106124877929688
5.326690673828126
-2.525558471679688
-12.730598449707033
-15.431861877441408
-5.028419494628906
5.708007812500001
-2.1754837036132817
-12.718849182128908
-15.472183227539064
-5.076751708984376
5.458335876464845
-2.481231689453125
-13.00804138183594
-15.592346191406252
-4.963798522949219
5.387840270996094
-2.4852371215820312
-13.112983703613283
-15.887145996093752
-5.494651794433594
5.129356384277344
-2.5119400024414062
-12.864646911621096
-15.724792480468754
-5.25005340576172
5.1819610595703125
-2.7568054199218754
-13.043556213378908
-15.670318603515625
-5.2353668212890625
5.251388549804688
-2.6630783081054688
-13.084678649902344
-15.472717285156252
-4.982490539550781
5.263671875000001
-2.823562622070313
-13.05076599121094
-15.400085449218752
-4.929351806640625
5.487442016601563
-2.642784118652344
-13.09562683105469
-15.761909484863283
-5.185432434082032
5.438308715820313
-2.6473236083984375
-13.09562683105469
-15.748558044433596
-5.289039611816407
5.212135314941407
-2.6625442504882812
-13.327140808105469
-15.98033905029297
-5.364875793457032
4.971008300781251
-2.8374481201171875
-13.19175720214844
-15.977134704589846
-5.5483245849609375
5.113868713378907
-2.685508728027344
-13.171997070312502
-15.727195739746094
-5.061798095703125
5.344848632812501
-2.8142166137695312
-13.29296112060547
-15.899429321289064
-5.317611694335938
5.141372680664063
-2.9167556762695317
-13.474006652832031
-15.981674194335938
-5.234565734863281
5.015602111816407
-3.1004714965820317
-13.601646423339844
-16.224937438964844
-5.553665161132813
4.854316711425782
-3.057212829589844
-13.37120056152344
-16.02012634277344
-5.479965209960938
5.30345916748047
-2.5156784057617188
-13.090820312500002
-15.821723937988283
-5.369415283203126
4.912796020507813
-2.961883544921875
-13.58135223388672
-16.177139282226566
-5.491714477539063
5.167808532714844
-3.0297088623046875
-13.555984497070314
-16.18114471435547
-5.595321655273438
4.777145385742188
-3.1784439086914062
-13.468399047851564
-16.245498657226566
-6.051673889160156
4.533882141113282
-3.0545425415039067
-13.296699523925783
-15.822257995605469
-5.267677307128906
5.098915100097656
-2.7821731567382812
-12.945289611816406
-15.468177795410158
-4.9063873291015625
5.56915283203125
-2.486572265625
-12.905235290527344
-15.431594848632812
-4.8337554931640625
5.494651794433594
-2.4222183227539062
-12.78453826904297
-15.343208312988283
-4.926681518554688
5.330963134765626
-2.991256713867188
-13.42033386230469
-15.91251373291016
-5.093574523925782
5.452194213867188
-2.458267211914063
-12.789878845214846
-15.429992675781252
-4.806785583496095
5.49785614013672
-2.5610733032226567
-13.102569580078125
-15.79021453857422
-5.014801025390626
5.426826477050782
-2.650260925292969
-13.197631835937502
-15.506629943847658
-4.727478027343751
5.448455810546876
-2.687644958496094
-12.991485595703127
-15.727996826171875
-5.361137390136719
5.041236877441407
-3.045730590820313
-13.510589599609377
-16.07353210449219
-5.584640502929688
4.773674011230469
-3.2307815551757817
-13.370132446289064
-15.763778686523438
-5.095977783203125
5.256462097167969
-2.781906127929688
-13.326606750488283
-15.89141845703125
-5.414543151855469
4.886360168457031
-3.0566787719726567
-13.26225280761719
-15.817184448242188
-5.214805603027345
5.075950622558594
-3.0374526977539067
-13.492164611816408
-16.06552124023438
-5.318946838378907
5.0292205810546875
-3.055076599121094
-13.32794189453125
-15.91251373291016
-5.237236022949219
5.265541076660157
-2.8860473632812504
-13.309516906738281
-16.088485717773438
-5.430030822753906
5.117874145507813
-3.0150222778320317
-13.31645965576172
-15.927734375000002
-5.3021240234375
5.125617980957031
-2.891654968261719
-13.142089843750002
-15.738410949707033
-5.3325653076171875
5.111732482910157
-2.897262573242188
-13.365058898925781
-15.971260070800783
-5.4345703125
4.794235229492188
-3.2222366333007812
-13.82568359375
-16.327476501464847
-5.493316650390626
4.69249725341797
-3.2938003540039062
-13.466796875000002
-15.957374572753906
-5.372352600097657
4.789428710937501
-3.2476043701171875
-13.537292480468752
-16.244964599609375
-5.39531707763672
5.10692596435547
-3.1875228881835938
-13.590698242187502
-16.039619445800785
-5.438575744628906
4.90612030029297
-3.2409286499023438
-13.52714538574219
-16.044158935546875
-5.541915893554688
4.639892578125001
-3.4390640258789067
-13.65825653076172
-16.288490295410156
-5.44445037841797
4.924278259277345
-3.282318115234375
-13.701515197753908
-16.261253356933594
-5.593452453613282
4.674339294433595
-3.1493377685546875
-13.316993713378908
-15.884475708007814
-5.234031677246095
5.013732910156251
-2.980308532714844
-13.51219177246094
-16.07273101806641
-5.384902954101563
4.913063049316406
-3.193931579589844
-13.322601318359377
-15.802497863769533
-5.120544433593751
4.967803955078126
-3.427047729492188
-13.810462951660158
-16.19182586669922
-5.373687744140625
5.006256103515626
-3.3282470703125004
-13.756256103515627
-16.036949157714847
-5.214271545410156
5.0142669677734375
-3.3076858520507812
-13.741302490234377
-16.155776977539062
-5.38970947265625
4.838294982910157
-3.3269119262695317
-13.595237731933596
-15.931472778320312
-5.01079559326172
5.098648071289063
-3.198204040527344
-13.548774719238283
-16.035079956054688
-5.271148681640626
5.046043395996095
-3.0355834960937504
-13.433685302734377
-15.980072021484379
-5.295715332031251
4.791564941406251
-3.524246215820313
-13.86894226074219
-16.348037719726562
-5.611343383789063
4.744567871093751
-3.361625671386719
-13.616333007812502
-15.87646484375
-4.9961090087890625
5.087699890136719
-3.145599365234375
-13.14048767089844
-15.373916625976564
-4.889564514160157
5.411071777343751
-2.8163528442382817
-13.194427490234375
-15.672721862792969
-4.917602539062501
5.2172088623046875
-2.932243347167969
-13.275337219238281
-15.691680908203127
-4.803314208984375
5.3870391845703125
-2.849197387695313
-13.503379821777346
-16.02466583251953
-5.11974334716797
5.124015808105469
-2.957611083984375
-13.426475524902346
-15.712776184082031
-5.051383972167969
5.28636932373047
-2.8951263427734375
-13.20751190185547
-15.860710144042969
-5.169677734375
5.189170837402345
-2.936515808105469
-13.361320495605469
-15.895957946777346
-5.1226806640625
5.188369750976563
-3.065757751464844
-13.011245727539062
-15.491676330566406
-5.027351379394531
5.14190673828125
-3.1098175048828125
-13.404579162597658
-15.914649963378908
-5.1007843017578125
5.336036682128907
-2.92236328125
-13.438491821289062
-16.005973815917972
-5.204658508300782
5.07488250732422
-3.167228698730469
-13.535957336425783
-15.917854309082033
-5.180625915527345
5.218811035156251
-3.0254364013671875
-13.413124084472658
-15.588874816894531
-5.0409698486328125
5.004920959472657
-2.9330444335937504
-13.283348083496096
-15.749626159667969
-5.055122375488281
5.155792236328126
-3.181114196777344
-13.54156494140625
-16.08688354492188
-5.30345916748047
5.066070556640626
-2.9864501953125004
-13.480682373046875
-16.13388061523438
-5.348052978515625
5.043907165527344
-3.1512069702148438
-13.496170043945314
-15.92559814453125
-5.160598754882813
5.219879150390626
-3.055076599121094
-13.484954833984377
-15.906105041503908
-5.179824829101563
5.21587371826172
-2.8203582763671875
-13.401374816894531
-15.978469848632816
-5.19023895263672
5.131759643554688
-3.021163940429688
-13.258247375488281
-15.830535888671875
-5.166206359863282
5.195846557617188
-2.931175231933594
-13.212585449218752
-15.618247985839846
-4.963264465332032
5.120811462402344
-3.0339813232421875
-13.306846618652346
-15.498085021972658
-5.118408203125001
5.001716613769531
-2.908744812011719
-12.977600097656252
-15.50529479980469
-4.912796020507813
5.304794311523438
-2.8443908691406254
-13.307380676269533
-15.723991394042972
-5.017738342285157
5.35045623779297
-2.7525329589843754
-13.148765563964846
-15.931472778320312
-5.17608642578125
5.289306640625001
-3.0035400390625004
-13.51299285888672
-15.881805419921877
-5.083961486816406
5.359535217285156
-2.7682876586914062
-13.246231079101564
-15.84709167480469
-4.940032958984376
5.425491333007813
-2.9832458496093754
-13.241958618164062
-15.701560974121096
-4.9491119384765625
5.404930114746095
-2.6662826538085938
-12.895088195800783
-15.458831787109377
-4.7087860107421875
5.806541442871094
-2.403793334960938
-12.985076904296877
-15.348548889160156
-4.43187713623047
5.70159912109375
-2.634506225585938
-12.98828125
-15.24681091308594
-4.373664855957032
5.781707763671875
-2.4652099609375
-12.729263305664062
-15.163230895996096
-4.645233154296875
5.497055053710938
-2.8070068359375
-13.013381958007812
-15.36430358886719
-4.706916809082031
5.550727844238282
-2.7645492553710938
-13.114051818847658
-15.516242980957033
-4.7194671630859375
5.590782165527345
-2.6219558715820312
-4.482345581054688
5.809478759765625
-2.1023178100585938
-12.358093261718752
-14.839859008789064
-4.243087768554688
6.192665100097657
-2.1207427978515625
-12.657432556152344
-15.145874023437502
-4.498100280761719
6.07036590576172
-2.1007156372070312
-12.642211914062502
-15.287666320800781
-4.5047760009765625
6.112022399902345
-2.309799194335938
-12.873725891113283
-15.233459472656252
-4.519462585449219
5.920295715332032
-2.294578552246094
-12.993354797363281
-15.436668395996096
-4.583816528320313
5.887985229492188
-2.4732208251953125
-13.028602600097658
-15.468444824218752
-4.652442932128907
5.822296142578126
-2.467613220214844
-12.94261932373047
-15.585670471191408
-4.857521057128907
5.644989013671876
-2.515945434570313
-13.105239868164064
-15.72052001953125
-4.840164184570313
5.676231384277345
-2.7875137329101562
-13.279609680175783
-15.746955871582033
-5.015869140625
5.265007019042969
-3.003807067871094
-13.154640197753908
-15.613441467285158
-5.074348449707031
5.309600830078125
-2.9199600219726562
-13.391761779785156
-15.77098846435547
-5.112800598144532
5.269813537597656
-2.7955245971679688
-13.037147521972656
-15.773658752441408
-5.214271545410156
5.221214294433594
-3.1306457519531254
-13.438491821289062
-15.977668762207035
-5.184631347656251
5.203590393066407
-2.8612136840820317
-13.34556579589844
-16.10931396484375
-5.360870361328126
5.19878387451172
-3.0142211914062504
-13.426475524902346
-15.894622802734377
-5.022010803222657
5.332832336425781
-2.8529357910156254
-13.31645965576172
-16.014785766601562
-5.306396484375001
5.194778442382813
-3.0032730102539067
-13.648109436035158
-16.230010986328125
-5.375022888183595
5.323219299316406
-2.8187561035156254
-13.516998291015627
-16.137084960937504
-5.384902954101563
5.069541931152344
-3.1674957275390625
-13.495368957519533
-15.914649963378908
-5.221214294433594
5.281829833984376
-3.059349060058594
-13.507385253906252
-15.98888397216797
-5.266609191894532
5.139770507812501
-3.0470657348632817
-13.27507019042969
-15.714111328125002
-5.008392333984375
5.3795623779296875
-3.0048751831054688
-13.758392333984377
-16.274337768554688
-5.420417785644531
5.085296630859376
-3.012619018554688
-13.214454650878906
-15.732002258300781
-5.487174987792969
4.997711181640626
-3.1306457519531254
-13.48655700683594
-16.05270385742188
-5.268745422363281
5.2716827392578125
-3.0200958251953125
-13.427810668945314
-15.977401733398438
-5.416946411132813
5.292778015136719
-2.662277221679688
-13.013648986816408
-15.507965087890625
-4.804916381835938
5.545120239257813
-2.6745605468750004
-13.067321777343752
-15.554962158203127
-4.67327117919922
5.784645080566406
-2.685508728027344
-13.296699523925783
-15.923995971679688
-5.35552978515625
5.076484680175782
-3.0791091918945317
-13.447837829589846
-15.925331115722658
-5.322418212890626
5.247650146484375
-2.8764343261718754
-13.283882141113283
-15.8807373046875
-5.135231018066406
5.4815673828125
-2.5327682495117188
-12.983741760253906
-15.561370849609375
-5.157928466796876
5.444183349609375
-2.5311660766601567
-13.063049316406252
-15.844688415527344
-5.522956848144532
5.048980712890626
-2.820091247558594
-13.30070495605469
-16.016921997070316
-5.49999237060547
5.007057189941407
-3.1797790527343754
-13.60698699951172
-16.250038146972656
-5.676231384277345
5.060462951660157
-2.8935241699218754
-13.31218719482422
-16.014518737792972
-5.542449951171875
5.160064697265625
-2.8040695190429688
-13.23101043701172
-15.933341979980472
-5.49144744873047
5.072479248046875
-2.7461242675781254
-13.166656494140627
-15.935211181640627
-5.280761718750001
5.270080566406251
-2.9789733886718754
-13.552246093750002
-16.154441833496094
-5.3517913818359375
5.232696533203125
-3.2916641235351567
-13.946914672851564
-16.21105194091797
-5.517349243164063
4.905052185058595
-3.2150268554687504
-13.753852844238283
-16.284751892089847
-5.756072998046875
4.782752990722657
-3.2083511352539067
-13.549575805664064
-16.285018920898438
-5.795593261718751
4.88689422607422
-2.9909896850585938
-13.335952758789064
-16.015586853027344
-5.667953491210938
4.96807098388672
-2.8614807128906254
-13.277740478515627
-16.132812500000004
-5.567016601562501
4.937629699707032
-3.218765258789063
-13.784027099609377
-16.55418395996094
-6.093063354492188
4.5133209228515625
-3.2494735717773438
-13.702583312988281
-16.248168945312504
-5.661277770996095
4.87701416015625
-3.278312683105469
-13.735694885253908
-16.325340270996094
-5.850334167480469
4.727478027343751
-3.228912353515625
-13.641967773437502
-16.144027709960938
-5.447387695312501
4.988632202148438
-2.949333190917969
-13.501243591308596
-16.215858459472656
-5.701332092285157
4.8577880859375
-3.186454772949219
-13.57627868652344
-16.01665496826172
-5.533370971679688
4.856452941894532
-3.3429336547851562
-13.59283447265625
-16.21238708496094
-5.987319946289063
4.520263671875
-3.1666946411132817
-13.448371887207033
-16.12079620361328
-5.953941345214845
4.779548645019531
-2.937850952148438
-13.318328857421875
-15.91251373291016
-5.36540985107422
5.255393981933594
-2.832107543945313
-13.412055969238283
-16.02813720703125
-5.5547332763671875
4.8882293701171875
-2.940521240234375
-13.192291259765625
-15.978736877441408
-5.737648010253907
5.089569091796875
-2.3421096801757812
-13.333015441894533
-16.43482208251953
-5.960617065429688
4.737892150878907
-3.051872253417969
-13.555717468261719
-16.219863891601566
-5.709075927734376
5.024948120117188
-2.805404663085938
-13.265457153320314
-15.97526550292969
-5.557937622070313
4.88475799560547
-2.943191528320313
-13.426475524902346
-16.02306365966797
-5.646324157714844
4.850311279296875
-2.9990005493164067
-13.450508117675783
-16.19369506835938
-5.6978607177734375
5.1744842529296875
-2.6481246948242188
-13.232345581054688
-16.135215759277344
-5.68450927734375
5.155525207519532
-2.4785614013671875
-13.094024658203127
-15.948829650878908
-5.398521423339844
5.44017791748047
-2.357330322265625
-13.085479736328125
-16.00944519042969
-5.49785614013672
5.303993225097656
-2.438507080078125
-12.733802795410156
-15.593948364257814
-5.516014099121095
5.262336730957032
-2.4636077880859375
-12.97119140625
-15.823326110839846
-5.60680389404297
5.196113586425781
-2.1965789794921875
-12.720985412597658
-15.62492370605469
-5.408401489257813
5.148315429687501
-2.6670837402343754
-12.897491455078127
-15.536804199218752
-5.344047546386719
5.212135314941407
-2.5912475585937504
-12.961578369140625
-15.72826385498047
-5.533905029296875
5.020408630371095
-2.6929855346679688
-13.082008361816408
-15.788078308105469
-5.5205535888671875
5.2642059326171875
-2.545585632324219
-13.173065185546877
-16.09516143798828
-5.869827270507813
5.075683593750001
-2.4756240844726562
-13.186416625976564
-16.18034362792969
-6.1080169677734375
4.5458984375
-2.8935241699218754
-13.35491180419922
-16.234817504882816
-6.0973358154296875
4.825744628906251
-2.790184020996094
-13.524742126464846
-16.53148651123047
-6.330718994140626
4.448432922363281
-3.255081176757813
-13.764533996582033
-16.348838806152344
-6.20147705078125
4.525604248046876
-3.113822937011719
-13.549575805664064
-16.48395538330078
-6.379318237304688
4.4150543212890625
-3.1658935546875004
-13.77788543701172
-16.713867187500004
-6.515235900878906
4.335212707519531
-3.0879211425781254
-13.566665649414064
-16.612930297851566
-6.322975158691407
4.574203491210938
-3.0665588378906254
-13.671607971191408
-16.689567565917972
-6.519775390625001
4.162445068359375
-3.456954956054688
-13.740234375000002
-16.538162231445312
-6.496810913085938
4.277801513671875
-3.043060302734375
-13.41819763183594
-16.52801513671875
-6.529388427734375
4.325332641601563
-3.0497360229492188
-13.355178833007814
-16.14776611328125
-6.233787536621094
4.285545349121094
-3.3672332763671875
-13.728218078613283
-16.414794921875
-6.447143554687501
4.349899291992188
-3.2139587402343754
-13.696708679199219
-16.550445556640625
-6.63219451904297
4.1875457763671875
-3.2083511352539067
-13.645439147949219
-16.739501953125004
-6.699485778808595
4.1747283935546875
-3.204879760742188
-13.664131164550783
-16.714935302734375
-6.730995178222657
4.2340087890625
-3.247337341308594
-13.788833618164064
-16.424140930175785
-6.429252624511719
4.025459289550781
-3.3549499511718754
-13.890838623046877
-16.920547485351566
-6.93126678466797
4.0262603759765625
-3.322105407714844
-13.809661865234377
-16.956596374511722
-6.963310241699219
4.092483520507813
-3.3407974243164067
-13.672142028808594
-16.525611877441406
-6.642875671386719
4.357109069824219
-3.092460632324219
-13.811798095703127
-16.78436279296875
-6.690673828125
4.155502319335938
-3.251609802246094
-13.79417419433594
-16.64524078369141
-6.563835144042969
4.315452575683595
-3.2916641235351567
-13.721809387207031
-16.797714233398438
-6.779060363769532
4.1864776611328125
-3.3282470703125004
-13.816070556640625
-16.98863983154297
-6.881866455078126
3.9744567871093754
-3.378982543945313
-13.61259460449219
-16.726150512695316
-6.727256774902345
4.261245727539063
-3.2107543945312504
-13.734092712402346
-16.749114990234375
-6.870384216308595
3.981132507324219
-3.275375366210938
-13.757591247558596
-16.84471130371094
-6.88854217529297
4.201965332031251
-3.221969604492188
-13.75438690185547
-17.031631469726566
-7.078666687011719
4.000358581542969
-3.3589553833007817
-13.723144531250002
-16.819877624511722
-7.0426177978515625
3.988876342773438
-3.175506591796875
-13.550910949707033
-16.434020996093754
-6.469306945800781
4.41131591796875
-3.020896911621094
-13.608055114746096
-16.66393280029297
-6.716041564941407
4.381408691406251
-2.8710937500000004
-13.605651855468752
-16.762466430664062
