-13.128738403320314
-23.598937988281254
-20.25146484375
1.8190002441406252
7.503509521484376
-12.80590057373047
-23.61522674560547
-20.44586181640625
1.7925643920898438
7.386817932128906
-13.114051818847658
-23.890266418457035
-20.42716979980469
1.9322204589843752
7.316322326660157
-13.250503540039064
-24.15969848632813
-20.490989685058594
1.7720031738281252
7.01030731201172
-13.524742126464846
-23.87531280517578
-20.33905029296875
1.6395568847656252
6.614570617675782
-13.70445251464844
-24.047813415527347
-20.38791656494141
1.83929443359375
6.697349548339844
-13.724212646484377
-24.12979125976563
-20.62210083007813
1.8165969848632815
6.616172790527344
-14.092979431152346
-24.243545532226562
-20.150527954101562
2.144775390625
6.686134338378907
-14.047584533691408
-24.321250915527347
-20.056800842285156
2.2184753417968754
6.718711853027345
-13.83262634277344
-23.94340515136719
-20.05626678466797
2.344779968261719
6.684265136718751
-13.786697387695314
-24.023513793945316
-20.259208679199222
2.254791259765625
6.706161499023438
-13.881492614746096
-23.988533020019535
-19.94224548339844
2.614212036132813
6.526451110839845
-14.329299926757812
-24.280395507812504
-20.212478637695316
2.3025894165039062
5.96221923828125
-14.726905822753906
-24.72366333007813
-20.484046936035156
2.015800476074219
6.022300720214845
-14.87510681152344
-24.84542846679688
-20.387649536132816
2.1770858764648438
5.840721130371095
-15.002746582031252
-25.22434234619141
-20.999412536621097
1.6924285888671875
5.20519256591797
-15.24120330810547
-25.137825012207035
-20.787124633789062
2.118339538574219
5.405998229980469
-15.296478271484377
-24.89349365234375
-20.47657012939453
2.3100662231445312
5.768089294433595
-14.863357543945312
-24.581336975097656
-20.006065368652344
3.0497360229492188
6.083984375
-14.91863250732422
-24.882011413574222
-20.260543823242188
2.5912475585937504
5.824432373046876
-14.87804412841797
-24.509773254394535
-19.73770141601563
3.0142211914062504
5.743255615234376
-14.831314086914064
-24.638481140136722
-20.141716003417972
2.6499938964843754
5.184364318847657
-15.346679687500002
-24.71298217773438
-19.934768676757816
2.806205749511719
5.185966491699219
-15.470314025878908
-25.040092468261722
-20.045585632324222
3.0345153808593754
5.183830261230469
-15.93120574951172
-25.396308898925785
-20.642929077148438
2.5103378295898438
4.731216430664063
-15.875930786132814
-25.341300964355472
-20.14118194580078
2.7487945556640625
4.235610961914063
-16.530151367187504
-25.75759887695313
-20.707015991210938
2.416343688964844
4.358711242675782
-16.689567565917972
-26.024360656738285
-20.981521606445312
1.7746734619140625
3.1381225585937504
-17.502937316894535
-26.547470092773438
-21.081123352050785
1.6464996337890627
2.5749588012695317
-18.170242309570312
-26.934661865234375
-21.366577148437504
1.534881591796875
2.8908538818359375
-17.891197204589847
-27.082595825195316
-21.56230926513672
1.337547302246094
2.3292922973632812
-18.287734985351562
-27.049217224121097
-21.404762268066406
1.5378189086914065
2.4240875244140625
-18.336067199707035
-27.586479187011722
-21.951904296875
1.14501953125
1.7469024658203127
-19.043693542480472
-27.436141967773438
-22.090225219726566
0.3345870971679688
1.028861999511719
-19.555587768554688
-28.332824707031254
-22.77275085449219
0.14366149902343753
0.9546279907226564
-19.475479125976562
-28.60733032226563
-22.663269042968754
0.26569366455078125
0.562896728515625
-20.414085388183594
-29.242057800292972
-23.00827026367188
0.030174255371093753
-0.10547637939453126
-20.700340270996094
-29.22203063964844
-23.310546875
-0.35755157470703125
-0.4723739624023438
-21.303825378417972
-29.80361938476563
-23.82457733154297
-1.0037612915039065
-0.9215164184570314
-22.00077056884766
-30.523796081542972
-24.220046997070312
-1.163177490234375
-1.5049743652343752
-22.196502685546875
-30.576667785644535
-24.303092956542972
-1.4152526855468752
-1.9872283935546877
-22.319602966308597
-30.684280395507816
-24.575462341308594
-1.3076400756835938
-1.6841506958007815
-22.901992797851566
-31.34063720703125
-24.50016021728516
-1.5386199951171877
-2.4406433105468754
-23.011741638183594
-31.54331207275391
-25.464134216308594
-2.3367691040039062
-2.915420532226563
-23.47690582275391
-31.847724914550785
-25.424880981445316
-2.4174118041992188
-3.484458923339844
-24.319648742675785
-32.33879089355469
-25.581626892089847
-2.846794128417969
-3.9376068115234375
-24.34074401855469
-32.495269775390625
-25.899925231933594
-3.1028747558593754
-4.6126556396484375
-25.632629394531254
-34.1839599609375
-27.39982604980469
-3.888473510742188
-4.988098144531251
-26.020889282226562
-34.526824951171875
-27.93388366699219
-4.742698669433595
-6.556892395019532
-27.310104370117188
-35.258750915527344
-28.305587768554688
-5.346183776855469
-6.873855590820313
-27.559776306152347
-35.77411651611329
-29.30667877197266
-6.642608642578126
-9.48539733886719
-32.99835205078126
-44.35214996337891
-38.087387084960945
-13.586425781250002
-13.756256103515627
-33.0434799194336
-39.82574462890626
-31.967887878417972
-8.473091125488281
-10.377273559570312
-30.480537414550785
-37.94239044189453
-29.887199401855472
-6.348876953125001
-8.914756774902346
-29.17636871337891
-36.64997100830079
-29.09385681152344
-5.792388916015625
-7.969741821289063
-27.91812896728516
-34.88544464111328
-26.90475463867188
-3.1322479248046875
-4.561920166015625
-23.120956420898438
-27.999839782714847
-17.994003295898438
5.128021240234376
0.9292602539062501
-21.162567138671875
-30.14114379882813
-23.942337036132812
-1.9522476196289065
-5.588111877441406
-26.599807739257816
-34.78076934814454
-27.54989624023438
-4.771003723144531
-8.287773132324219
-28.844184875488285
-36.722869873046875
-29.106674194335938
-7.635421752929688
14.711685180664064
9.57244873046875
-9.66911315917969
-19.84531402587891
-8.093376159667969
14.274291992187502
9.353485107421875
-9.84642028808594
-19.71393585205078
-7.834625244140626
14.484710693359377
9.156150817871094
-9.893951416015627
-19.743309020996094
-7.657585144042969
14.712219238281252
9.216766357421877
-9.904632568359375
-19.734764099121094
-8.230628967285156
13.938903808593752
8.287506103515625
-10.477943420410158
-19.77188110351563
-7.930221557617188
14.063072204589844
8.460273742675783
-10.78849792480469
-20.293388366699222
-8.265342712402344
13.906326293945314
8.051986694335938
-11.016807556152346
-20.447998046875004
-8.149452209472658
13.964805603027346
8.082427978515625
-11.158599853515627
-20.27683258056641
-7.488288879394532
14.32689666748047
7.6728057861328125
-11.63097381591797
-20.73745727539063
-7.999916076660156
13.833694458007814
7.521934509277345
-11.373291015625002
-20.34866333007813
-7.796173095703126
13.908996582031252
7.663459777832032
-11.640319824218752
-20.701141357421875
-8.022613525390627
13.684158325195314
7.247962951660157
-11.852874755859377
-21.086196899414066
-8.080825805664062
13.802986145019533
7.327003479003907
-11.76261901855469
-20.944404602050785
-7.741699218750001
13.65825653076172
6.896286010742188
-12.381324768066408
-21.11103057861328
-7.839698791503906
13.639564514160156
6.870117187500001
-12.251548767089846
-21.097412109375
-7.921142578125
13.50872039794922
6.639404296875001
-12.296943664550781
-21.22264862060547
-8.364410400390627
12.806434631347656
6.162223815917969
-12.33512878417969
-21.108894348144535
-7.959327697753907
13.223266601562502
6.195869445800782
-12.524185180664064
-21.24240875244141
-7.782287597656251
13.671607971191408
6.354751586914063
-12.549285888671877
-20.928115844726562
-7.357177734375
13.739967346191408
6.377182006835938
-12.455825805664064
-21.00528717041016
-7.764930725097657
13.392562866210938
6.114692687988281
-12.947158813476564
-21.59168243408203
-7.80284881591797
13.54930877685547
5.85674285888672
-13.533287048339846
-22.15404510498047
-8.300323486328125
12.977066040039062
5.42949676513672
-13.257713317871096
-21.74602508544922
-7.578010559082032
13.747444152832033
5.934181213378907
-12.853431701660158
-21.06723785400391
-7.161712646484375
13.878822326660158
6.196937561035157
-12.862510681152346
-21.37565612792969
-7.4420928955078125
13.439826965332033
5.3144073486328125
-13.514060974121096
-21.934280395507816
-7.95745849609375
13.166656494140627
5.192375183105469
-13.586692810058596
-21.277923583984375
-6.730194091796876
14.078826904296877
6.060485839843751
-12.700157165527346
-20.702476501464847
-6.246871948242188
14.40299987792969
6.17717742919922
-12.926330566406252
-20.564422607421875
-6.168098449707031
13.978424072265625
5.688781738281251
-13.200836181640627
-21.357765197753906
-6.895484924316407
13.842239379882814
5.2887725830078125
-13.467063903808596
-21.233596801757812
-6.737403869628906
13.323669433593752
4.628143310546875
-13.88175964355469
-21.268310546875004
-6.733398437500001
13.834228515625002
5.4746246337890625
-13.359718322753908
-21.274452209472656
-6.641540527343751
13.776016235351562
5.050849914550782
-13.610191345214846
-21.26804351806641
-6.346473693847656
13.780822753906252
4.323997497558595
-14.426765441894533
-21.85470581054688
-6.979866027832032
13.00590515136719
3.9250564575195317
-14.44999694824219
-21.768455505371094
-6.794013977050782
13.196296691894533
4.117317199707032
-14.47216033935547
-21.65550231933594
-6.602020263671875
13.264923095703125
4.213447570800782
-14.245185852050783
-21.371917724609375
-6.151008605957031
13.683357238769531
3.934936523437501
-14.820365905761719
-22.093162536621094
-6.5886688232421875
13.34716796875
3.6836624145507817
-15.107421875
-22.143898010253906
-6.672515869140625
12.982940673828127
3.4946060180664062
-14.908752441406252
-22.022399902343754
-6.553955078125001
13.044624328613281
3.487396240234375
-15.082054138183596
-22.03495025634766
-6.389198303222656
13.140220642089844
3.355484008789063
-15.318641662597658
-22.11639404296875
-6.255683898925781
12.779998779296877
2.9696273803710938
-15.312232971191406
-22.29476928710938
-6.758232116699219
12.86224365234375
3.025169372558594
-15.395545959472658
-22.309188842773438
-6.549148559570313
12.60936737060547
2.5325012207031254
-15.70690155029297
-22.53562927246094
-6.502685546875
12.693481445312502
2.508201599121094
-15.701560974121096
-22.211990356445316
-6.36943817138672
12.680931091308596
2.5284957885742188
-16.036415100097656
-22.73296356201172
-6.425781250000001
12.663574218750002
2.4232864379882817
-16.106643676757812
-22.51026153564453
-6.137123107910157
12.763710021972658
2.0291519165039067
-16.351776123046875
-22.42160797119141
-6.134185791015626
12.593078613281252
1.906852722167969
-16.444969177246097
-22.628555297851566
-5.89305877685547
12.85076141357422
2.157859802246094
-16.294631958007812
-22.539634704589844
-5.936584472656251
12.778930664062502
2.125816345214844
-16.242828369140625
-22.47074127197266
-5.905075073242188
12.681999206542969
1.7586517333984377
-16.225471496582035
-22.073669433593754
-5.48797607421875
12.821655273437502
1.8395614624023438
-16.235885620117188
-22.186088562011722
-5.461273193359375
12.876663208007814
1.8782806396484377
-16.19235992431641
-21.755104064941406
-5.094642639160157
13.120193481445312
2.161064147949219
-15.82786560058594
-21.774597167968754
-4.961662292480469
13.40831756591797
2.024345397949219
-16.06632232666016
-21.74762725830078
-5.0228118896484375
12.956504821777346
1.8935012817382815
-16.131744384765625
-21.73454284667969
-4.5058441162109375
13.517799377441406
2.0673370361328125
-15.951232910156252
-21.624259948730472
-4.892501831054688
13.235549926757814
2.0964431762695312
-15.957374572753906
-21.63681030273438
-4.407844543457031
13.332214355468752
1.8756103515625002
-16.00009918212891
-21.65550231933594
-4.686622619628907
13.023529052734377
1.723136901855469
-16.118392944335938
-21.632537841796875
-4.549903869628906
13.314857482910158
1.7306137084960938
-16.087684631347656
-21.395416259765625
-4.040412902832031
13.393096923828127
1.2974929809570315
-16.68369293212891
-21.956443786621097
-4.506378173828126
12.90843963623047
1.0048294067382812
-16.879959106445316
-22.177543640136722
-4.489021301269532
12.915382385253908
0.7388687133789064
-17.279434204101566
-22.26593017578125
-4.40624237060547
12.861442565917969
0.8040237426757812
-17.166213989257812
-22.447509765625004
-4.716529846191406
12.719383239746096
0.699615478515625
-17.074089050292972
-22.144966125488285
-4.431076049804688
12.778663635253908
0.5431365966796876
-17.307739257812504
-22.40745544433594
-4.610786437988281
12.537536621093752
0.25127410888671875
-17.524566650390625
-22.150039672851566
-4.144554138183594
12.434730529785158
-0.08464813232421875
-17.83512115478516
-22.37834930419922
-3.9325332641601567
12.526321411132814
-0.24700164794921875
-17.807884216308597
-22.24723815917969
-3.971252441406251
12.67131805419922
0.010414123535156252
-17.854614257812504
-21.999168395996097
-3.4436035156250004
13.016052246093752
0.0389862060546875
-17.765426635742188
-22.38529205322266
-4.038543701171875
12.670783996582031
-0.10253906250000001
-18.02764892578125
-22.526283264160156
-4.034271240234376
12.377052307128906
-0.5297851562500001
-18.141937255859375
-22.34844207763672
-3.801689147949219
12.37571716308594
-0.6745147705078126
-18.088264465332035
-22.26058959960938
-3.5656356811523438
12.510566711425781
-0.69854736328125
-18.200683593750004
-22.560462951660156
-3.7520217895507812
12.733802795410156
-0.6406021118164062
-18.421249389648438
-22.628555297851566
-3.9950180053710946
12.360496520996096
-0.9009552001953126
-18.59561920166016
-22.504653930664066
-3.6668395996093754
12.343139648437502
-0.8996200561523438
-18.726463317871097
-22.682495117187504
-3.581924438476563
12.301483154296875
-1.0099029541015625
-18.385200500488285
-22.250976562500004
-3.493270874023438
12.067031860351562
-1.423797607421875
-18.667182922363285
-22.428283691406254
-3.7896728515625
11.657676696777346
-1.6294097900390627
-18.93207550048828
-22.68463134765625
-3.8214492797851567
11.481704711914062
-2.0969772338867188
-19.190826416015625
-22.66166687011719
-3.6070251464843754
11.865692138671877
-1.762657165527344
-19.042625427246097
-22.5286865234375
-3.3362579345703125
12.03819274902344
-1.760520935058594
-18.8671875
-22.07286834716797
-3.0286407470703125
11.972503662109377
-1.6619873046875002
-18.78173828125
-22.253913879394535
-3.252677917480469
11.56768798828125
-2.1850967407226567
-19.182014465332035
-22.368736267089847
-3.2043457031250004
11.352996826171877
-2.6673507690429688
-19.633827209472656
-22.67955780029297
-3.098068237304688
11.652069091796877
-2.6214218139648438
-19.325942993164062
-22.16899871826172
-2.7322387695312504
12.182655334472656
-1.8190002441406252
-18.971328735351562
-21.973533630371097
-2.3383712768554688
12.419242858886719
-1.9514465332031252
-19.099502563476566
-22.47100830078125
-2.9047393798828125
11.89586639404297
-2.5226211547851567
-19.651985168457035
-22.3065185546875
-2.411003112792969
11.983985900878906
-2.492446899414063
-19.531822204589847
-22.36419677734375
-2.64251708984375
12.155952453613281
-2.046775817871094
-19.54303741455078
-22.143898010253906
-2.3869705200195312
12.251014709472656
-1.731681823730469
-18.952102661132812
-21.99008941650391
-2.3543930053710938
11.89506530761719
-2.204055786132813
-18.864250183105472
-21.51504516601563
-2.1883010864257817
11.570892333984377
-3.135185241699219
-19.928627014160156
-22.25711822509766
-2.7928543090820317
10.98289489746094
-3.194999694824219
-19.865875244140625
-22.556991577148438
-2.671890258789063
11.555938720703125
-3.102340698242188
-20.07175445556641
-22.650718688964847
-2.8823089599609375
11.030158996582033
-3.3877944946289062
-20.229835510253906
-22.66033172607422
-2.4708175659179688
11.190643310546877
-3.4444046020507817
-20.154800415039066
-23.052330017089847
-3.064422607421875
10.699310302734375
-3.991279602050782
-20.565223693847656
-22.683296203613285
-2.800064086914063
10.751914978027344
-3.758964538574219
-20.34866333007813
-22.443504333496094
-2.1327590942382812
11.214141845703127
-3.8377380371093754
-20.409278869628906
-22.05497741699219
-2.052383422851563
11.249656677246094
-3.680191040039063
-20.870170593261722
-23.001594543457035
-2.4184799194335938
11.008262634277346
-3.7982177734375004
-20.469093322753906
-22.696380615234375
-2.2072601318359375
11.099319458007814
-3.710899353027344
-20.48431396484375
-22.63629913330078
-2.017135620117188
11.147651672363283
-3.8922119140625
-20.677108764648438
-22.420272827148438
-1.8972396850585938
11.047248840332033
-4.188613891601563
-20.50193786621094
-22.216796875000004
-1.484947204589844
11.24992370605469
-3.9677810668945317
-20.307006835937504
-22.04776763916016
-1.5431594848632815
11.009063720703127
-4.542427062988282
-21.00475311279297
-22.477416992187504
-1.8302154541015627
10.863800048828125
-4.338951110839844
-20.83999633789063
-22.56553649902344
-1.8924331665039065
10.92735290527344
-4.122657775878906
-20.56735992431641
-22.194633483886722
-1.5623855590820315
11.086769104003908
-4.211578369140626
-20.49125671386719
-21.876335144042972
-1.211509704589844
11.346855163574219
-3.9891433715820312
-20.307807922363285
-21.66110992431641
-0.9383392333984376
11.17729187011719
-4.5432281494140625
-20.600471496582035
-21.778602600097656
-0.9038925170898439
11.177825927734377
-4.1928863525390625
-20.351066589355472
-21.79649353027344
-0.8750534057617189
11.612281799316406
-3.946952819824219
-20.218620300292972
-21.398086547851562
-0.4424667358398438
11.792526245117188
-4.0070343017578125
-20.163612365722656
-21.454696655273438
-0.46569824218750006
11.477165222167969
-4.078063964843751
-19.919281005859375
-20.94066619873047
0.0058746337890625
11.58477783203125
-4.020652770996094
-20.211677551269535
-21.404762268066406
-0.5097579956054689
11.550064086914062
-4.170722961425782
-20.181770324707035
-21.01837158203125
0.11241912841796876
11.848068237304688
-3.907699584960938
-20.122756958007812
-21.01890563964844
0.24112701416015628
12.103347778320312
-4.091949462890625
-20.42316436767578
-21.030120849609375
0.3134918212890625
11.758079528808596
-4.240417480468751
-20.174026489257816
-20.43731689453125
0.9524917602539064
12.05394744873047
-4.0593719482421875
-20.049591064453125
-20.496330261230472
0.7223129272460939
11.800270080566408
-4.243354797363282
-20.054130554199222
-20.707015991210938
0.6392669677734375
11.766357421875002
-4.4342803955078125
-20.510215759277344
-20.477371215820312
0.8512878417968751
11.69212341308594
-4.397163391113281
-19.933166503906254
-20.317420959472656
0.8112335205078126
11.676101684570312
-4.579811096191407
-20.49819946289063
-20.79673767089844
0.7994842529296875
11.569557189941408
-4.903182983398438
-20.55160522460938
-20.66295623779297
0.6910705566406251
11.107864379882812
-5.15178680419922
-20.787925720214844
-20.811424255371094
0.7116317749023438
11.158332824707031
-5.247650146484375
-20.929450988769535
-20.83999633789063
0.7949447631835939
11.030693054199219
-5.487709045410157
-21.11663818359375
-20.99407196044922
0.6867980957031251
10.873680114746096
-5.4756927490234375
-20.956687927246094
-21.07097625732422
0.2982711791992188
10.32493591308594
-5.926437377929688
-21.580200195312504
-20.988197326660156
0.39787292480468756
10.206642150878906
-6.246337890625
-21.764717102050785
-21.411705017089847
0.3906631469726563
10.22026062011719
-6.240997314453126
-21.62506103515625
-20.996742248535156
0.7175064086914064
10.426406860351564
-6.155548095703125
-21.557502746582035
-21.075782775878906
0.8560943603515626
10.5145263671875
-6.120033264160157
-21.76792144775391
-21.371383666992188
0.5255126953125001
10.137214660644533
-6.755027770996095
-22.144165039062504
-21.157493591308594
0.8432769775390626
10.180740356445312
-6.561164855957032
-21.997566223144535
-21.308097839355472
0.7941436767578125
10.214653015136719
-6.479187011718751
-21.520652770996094
-20.516090393066406
1.0163116455078125
9.994621276855469
-6.884536743164063
-22.137222290039062
-21.18980407714844
0.6723785400390626
9.829864501953125
-6.789741516113281
-22.10117340087891
-21.31717681884766
0.7693099975585939
9.97833251953125
-7.005767822265626
-22.19516754150391
-20.892333984375
1.2689208984375002
10.057373046875002
-7.127532958984376
-22.254447937011722
-21.16977691650391
0.9092330932617189
9.853363037109377
-6.850357055664063
-21.988220214843754
-20.947341918945312
1.1276626586914062
10.016517639160158
-6.899757385253907
-22.08194732666016
-20.788993835449222
1.3559722900390627
9.980201721191408
-7.226867675781251
-22.681427001953125
-21.14521026611328
1.267051696777344
9.686470031738283
-7.488822937011719
-22.232284545898438
-20.721969604492188
1.3362121582031252
9.494209289550783
-7.635955810546876
-22.29049682617188
-20.695800781250004
1.6913604736328127
10.00663757324219
-7.272796630859376
-21.983413696289066
-20.559082031250004
1.6940307617187502
10.086212158203127
-7.368392944335938
-22.526817321777344
-20.83545684814453
1.6139221191406252
9.43840026855469
-7.736892700195313
-22.428283691406254
-20.79673767089844
1.6772079467773438
9.635467529296875
-7.502174377441406
-22.29476928710938
-20.568962097167972
1.844902038574219
9.688606262207033
-7.507247924804688
-22.24723815917969
-20.333175659179688
2.1445083618164067
9.918518066406252
-7.522735595703126
-22.17460632324219
-19.93022918701172
2.5204849243164062
9.73613739013672
-7.461585998535157
-22.015457153320312
-19.970016479492188
2.251853942871094
9.53960418701172
-7.792701721191407
-22.42240905761719
-20.341987609863285
2.3258209228515625
9.91050720214844
-7.482681274414063
-22.105178833007816
-19.755325317382816
2.712478637695313
9.958038330078125
-7.526473999023438
-21.94229125976563
-19.502449035644535
2.9789733886718754
9.912376403808596
-7.544097900390625
-22.293968200683597
-19.84611511230469
2.8334426879882817
9.99969482421875
-7.609252929687501
-22.09690093994141
-19.51793670654297
3.5127639770507817
10.230140686035158
-7.808456420898438
-22.231216430664066
-19.07306671142578
3.7552261352539067
10.17486572265625
-7.757453918457032
-21.876602172851566
-18.811111450195312
4.101295471191406
10.588760375976562
-7.263183593750001
-21.686477661132816
-18.463973999023438
4.526405334472657
10.760726928710938
-7.180938720703126
-21.662178039550785
-18.54301452636719
4.321861267089844
10.561523437500002
-7.186012268066407
-21.594886779785156
-18.616447448730472
4.071922302246094
10.00450134277344
-7.938232421875
-22.045364379882812
-18.893890380859375
4.125862121582032
10.191421508789064
-7.87120819091797
-22.28195190429688
-19.17106628417969
3.77685546875
10.019721984863281
-7.817268371582031
-22.14630126953125
-19.04342651367188
3.8580322265625004
9.8565673828125
-7.557983398437501
-21.80717468261719
-18.92139434814453
3.6791229248046875
9.302482604980469
-7.949714660644532
-22.202110290527347
-19.036750793457035
3.845748901367188
9.304351806640627
-8.802871704101564
-22.274475097656254
-18.72112274169922
3.940811157226563
9.412498474121096
-8.360404968261719
-22.47154235839844
-18.954238891601566
3.8353347778320317
9.25762176513672
-8.627967834472658
-22.52761840820313
-18.749160766601566
4.200096130371095
9.5574951171875
-8.40019226074219
-22.25711822509766
-18.68694305419922
4.3792724609375
9.913177490234377
-7.999916076660156
-22.153511047363285
-18.719787597656254
4.019317626953125
9.507026672363281
-8.629302978515627
-22.915878295898438
-19.138755798339847
4.053764343261719
9.067764282226564
-9.371109008789064
-23.098258972167972
-18.896560668945316
4.183273315429688
9.272041320800781
-8.8226318359375
-22.842445373535156
-18.86478424072266
4.499702453613282
9.396209716796877
-9.091262817382814
-22.996788024902344
-18.893890380859375
4.576873779296876
9.209022521972656
-9.091529846191408
-22.674217224121097
-18.47332000732422
4.796104431152345
9.235725402832031
-9.050941467285156
-22.828025817871097
-18.73661041259766
4.15630340576172
8.543052673339844
-9.637603759765625
-23.035240173339844
-18.73741149902344
4.374198913574219
9.04106140136719
-9.202880859375
-23.102531433105472
-18.86211395263672
4.494361877441406
8.608741760253906
-9.478454589843752
-22.828292846679688
-18.721389770507816
4.136009216308594
8.20873260498047
-10.046157836914064
-23.816299438476562
-19.194297790527344
4.192085266113281
8.284034729003906
-10.030670166015627
-23.65100860595703
-18.975601196289062
4.073257446289063
7.951850891113282
-10.324401855468752
-23.61869812011719
-18.677597045898438
4.53868865966797
8.396186828613281
-10.117721557617188
-23.439521789550785
-18.480796813964844
4.608116149902344
8.246650695800783
-10.069389343261719
-23.28250885009766
-18.346481323242188
4.874076843261719
8.552932739257814
-9.86564636230469
-23.406677246093754
-18.902702331542972
4.40277099609375
7.9270172119140625
-10.45097351074219
-23.518562316894535
-18.569717407226566
4.765930175781251
7.995910644531252
-10.901184082031252
-23.887596130371097
-18.44127655029297
4.681549072265625
7.804718017578126
-10.791969299316406
-24.02511596679688
-18.753967285156254
4.38568115234375
7.688026428222657
-10.685157775878906
-23.790664672851566
-18.74622344970703
4.326133728027345
7.5926971435546875
-10.504913330078125
-23.593864440917972
-18.190269470214844
5.1285552978515625
8.025283813476562
-10.44403076171875
-23.628311157226562
-18.31310272216797
4.899444580078126
7.804183959960938
-10.586624145507814
-23.623237609863285
-18.130455017089847
5.269012451171876
8.004722595214846
-10.695571899414062
-23.685989379882812
-18.03325653076172
5.252723693847656
7.774009704589844
-10.982360839843752
-23.75274658203125
-17.930183410644535
5.085029602050782
7.626609802246095
-10.934829711914064
-24.082260131835938
-18.146476745605472
5.254325866699219
7.603912353515626
-10.989303588867188
-23.83152008056641
-18.21670532226563
5.238037109375001
7.695236206054688
-11.055793762207033
-23.85929107666016
-17.778778076171875
5.3881072998046875
7.417793273925782
-11.224288940429688
-24.18506622314453
-18.388137817382812
4.875946044921875
7.068519592285157
-11.378631591796875
-24.083328247070312
-18.10989379882813
4.857521057128907
6.93553924560547
-11.767959594726562
-24.476394653320316
-18.337402343750004
4.8155975341796875
6.819114685058595
-11.633377075195314
-24.27291870117188
-18.157958984375
5.267410278320313
6.920318603515626
-11.66088104248047
-24.23847198486328
-18.147811889648438
4.790496826171876
6.694679260253907
-11.692657470703127
-24.20188903808594
-18.06262969970703
5.159797668457032
6.708831787109375
-11.88652038574219
-24.304428100585938
-17.83245086669922
5.374221801757813
6.9625091552734375
-11.887855529785158
-24.37946319580078
-17.773971557617188
5.579566955566406
7.048492431640626
-11.601333618164064
-23.86489868164063
-17.154197692871097
5.862350463867188
7.18120574951172
-11.280364990234377
-23.887329101562504
-17.212142944335938
5.844459533691407
7.019386291503907
-11.556739807128906
-23.781051635742188
-17.300529479980472
5.9210968017578125
7.017784118652344
-11.642723083496094
-23.876914978027347
-17.031898498535156
5.967025756835938
6.896286010742188
-11.674232482910158
-23.921508789062504
-17.029495239257812
6.146469116210938
7.12993621826172
-11.681175231933594
-24.284667968750004
-17.12242126464844
6.466903686523438
7.4324798583984375
-11.350860595703127
-23.653945922851566
-16.603050231933594
6.46984100341797
7.118453979492188
-11.485443115234375
-23.71910095214844
-16.51813507080078
6.679458618164063
7.177467346191407
-11.704940795898438
-23.531646728515625
-16.03801727294922
7.039947509765626
7.292823791503907
-11.441383361816408
-23.61095428466797
-16.12934112548828
7.070388793945313
7.261047363281251
-11.519622802734375
-23.54259490966797
-16.014785766601562
7.396163940429688
7.88829803466797
-10.977287292480469
-23.109741210937504
-15.765113830566408
7.318725585937501
7.4068450927734375
-11.255264282226564
-23.104400634765625
-15.620117187500002
7.51232147216797
7.38628387451172
-11.370620727539064
-23.323898315429688
-15.789947509765627
7.367591857910157
7.296295166015626
-11.49345397949219
-23.23711395263672
-15.44414520263672
7.567329406738282
7.301368713378907
-11.584243774414064
-23.066749572753906
-15.086059570312502
7.77080535888672
7.107772827148438
-11.343116760253906
-22.986106872558597
-15.28606414794922
8.025550842285158
7.662124633789063
-11.062202453613283
-22.696914672851566
-14.694328308105469
8.090705871582033
7.274932861328126
-11.282234191894531
-22.924156188964844
-15.21556854248047
7.744903564453126
7.501106262207032
-10.994377136230469
-22.817878723144535
-15.072174072265627
8.147048950195314
7.4687957763671875
-11.574897766113283
-23.093986511230472
-14.721565246582033
8.284034729003906
7.423667907714845
-11.32762908935547
-22.87021636962891
-14.63024139404297
8.240509033203127
7.336349487304688
-11.236839294433594
-22.612266540527347
-14.488983154296877
8.404197692871094
7.393760681152345
-11.712951660156252
-23.07315826416016
-14.511680603027346
8.186302185058596
6.973724365234376
-11.629371643066406
-22.992515563964844
-14.723167419433594
8.096580505371096
6.9261932373046875
-11.629638671875002
-22.90359497070313
-14.669761657714844
7.976684570312502
6.7755889892578125
-11.860885620117188
-22.948989868164066
-14.392852783203127
8.231964111328125
6.906700134277345
-11.850738525390627
-23.157539367675785
-14.595527648925783
8.122749328613283
6.833534240722657
-12.262229919433596
-23.683052062988285
-14.678306579589846
8.113937377929688
6.499481201171876
-12.03605651855469
-23.26702117919922
-14.488182067871096
8.362808227539062
6.736602783203126
-12.083320617675781
-23.442993164062504
-14.368019104003908
8.744392395019533
6.532859802246095
-12.279853820800781
-23.27823638916016
-14.190711975097656
8.517150878906252
6.47197723388672
-12.359695434570314
-23.056602478027347
-13.976020812988283
8.615150451660158
6.559829711914063
-12.266235351562502
-23.37997436523438
-14.218215942382814
8.728103637695314
6.725654602050782
-12.232322692871094
-23.177032470703125
-14.001121520996096
8.679771423339846
6.701354980468751
-12.200546264648438
-23.142051696777344
-13.90605926513672
8.617553710937502
6.141929626464845
-12.610168457031252
-23.065681457519535
-13.413391113281252
9.113426208496094
6.705360412597657
-12.039260864257814
-23.00052642822266
-13.559722900390627
8.939590454101562
6.557159423828125
-12.03819274902344
-22.841377258300785
-13.308982849121096
9.228515625000002
6.720046997070313
-12.064895629882814
-23.05953979492188
-13.453445434570314
9.230117797851564
6.665306091308595
-11.973037719726564
-22.686767578125004
-13.133277893066408
9.401550292968752
6.851692199707031
-11.950073242187502
-22.934837341308597
-13.309783935546877
9.281387329101564
6.2329864501953125
-12.234992980957033
-22.735366821289066
-13.197898864746096
9.25201416015625
6.42711639404297
-12.169570922851564
-22.610397338867188
-12.843818664550783
9.539337158203127
6.553955078125001
-12.322578430175783
-22.86487579345703
-12.72178649902344
9.80743408203125
6.348876953125001
-13.029136657714844
-23.15032958984375
-12.686271667480469
9.731063842773438
6.353683471679688
-12.537536621093752
-23.091049194335938
-13.110313415527346
9.667243957519531
6.383323669433595
-12.562904357910158
-22.950057983398438
-12.686004638671877
9.708099365234375
6.30962371826172
-12.415237426757814
-22.801589965820312
-12.436065673828127
9.75189208984375
6.105346679687501
-12.848091125488281
-22.884902954101562
-12.138061523437502
10.371665954589846
6.437797546386719
-12.698554992675783
-23.016014099121094
-12.459297180175781
9.914512634277344
5.910682678222656
-12.896423339843752
-23.086242675781254
-12.516441345214844
9.628257751464846
5.843391418457032
-12.724456787109377
-22.662467956542972
-12.059555053710938
10.204772949218752
6.262893676757813
-12.792015075683596
-22.695579528808594
-11.891059875488281
10.194625854492188
5.950469970703125
-12.925796508789064
-22.803993225097656
-11.837921142578127
9.999160766601564
5.706939697265626
-13.215789794921877
-23.15647125244141
-12.273979187011719
9.943885803222658
5.868225097656251
-12.853965759277344
-22.862205505371097
-12.130584716796877
9.88273620605469
5.5910491943359375
-13.01525115966797
-22.80532836914063
-12.030181884765627
10.081138610839844
5.659408569335938
-13.190155029296877
-22.87796020507813
-11.783714294433594
10.179405212402346
5.639381408691407
-13.185081481933596
-22.816543579101562
-11.595993041992188
10.347366333007814
5.445785522460938
-13.42113494873047
-23.06781768798828
-11.93992614746094
9.669380187988283
5.1371002197265625
-13.352241516113283
-22.920684814453125
-11.821899414062502
10.039215087890627
5.2535247802734375
-13.358116149902346
-22.905464172363285
-11.930313110351564
9.916648864746094
5.031623840332032
-13.43528747558594
-22.88223266601563
-11.614685058593752
9.927330017089846
4.975280761718751
-13.668403625488281
-23.324165344238285
-12.027244567871096
9.953765869140625
5.0372314453125
-13.592033386230469
-23.00132751464844
-11.666755676269533
9.884872436523438
4.8636627197265625
-13.638763427734375
-22.983703613281254
-11.48063659667969
10.153503417968752
4.934425354003907
-13.80645751953125
-23.1268310546875
-11.343116760253906
9.98954772949219
4.773406982421876
-13.621406555175783
-22.87528991699219
-11.416549682617188
10.094757080078125
4.515991210937501
-14.529304504394533
-23.565025329589844
-11.581306457519533
9.966316223144531
4.501838684082031
-13.996849060058596
-23.075828552246097
-11.288909912109375
10.042686462402344
4.634017944335938
-14.035568237304688
-23.45687866210938
-11.459007263183596
9.991149902343752
4.2340087890625
-14.31835174560547
-23.26675415039063
-11.005592346191406
10.261650085449219
4.44042205810547
-14.163475036621096
-23.156738281250004
-11.136436462402346
10.18047332763672
4.474067687988282
-14.165611267089846
-23.33938598632813
-11.347656250000002
10.196495056152346
4.5410919189453125
-14.090042114257814
-23.026695251464844
-10.836563110351564
10.449104309082031
4.668998718261719
-13.887100219726564
-22.99625396728516
-10.551910400390627
10.796241760253906
4.591293334960938
-14.241981506347658
-23.182640075683597
-10.570869445800781
10.629882812500002
4.240684509277344
-14.520759582519531
-23.38397979736328
-10.503578186035158
10.878486633300783
4.51812744140625
-14.283905029296877
-22.895317077636722
-10.315322875976564
10.651245117187502
4.421463012695313
-14.667625427246094
-23.682785034179688
-10.579414367675783
10.780220031738283
4.383544921875001
-14.415550231933596
-23.213882446289066
-10.309181213378908
10.787696838378908
4.238548278808595
-14.434509277343752
-23.02001953125
-9.983406066894531
11.120414733886719
4.282073974609376
-14.573631286621096
-22.938308715820312
-10.156707763671877
10.637092590332033
3.7480163574218754
-14.81182098388672
-23.033638000488285
-10.28648376464844
10.810928344726564
4.069519042968751
-14.532775878906252
-23.07422637939453
-10.048561096191406
10.872879028320312
3.916244506835938
-14.773902893066408
-23.602409362792972
-10.650177001953125
10.469932556152344
3.7659072875976567
-14.817695617675783
-23.097190856933597
-9.866180419921875
10.926017761230469
3.9109039306640625
-14.64653015136719
-23.022155761718754
-10.03173828125
10.380744934082033
3.3207702636718754
-15.04600524902344
-23.62216949462891
-10.256309509277344
10.291023254394533
3.099937438964844
-15.243606567382814
-23.52951049804688
-10.23307800292969
10.451507568359375
3.2027435302734375
-15.219573974609377
-23.494796752929688
-10.19889831542969
10.479545593261719
3.3028793334960938
-15.305557250976562
-23.447532653808597
-10.030670166015627
10.55858612060547
3.2927322387695317
-15.079383850097658
-23.124427795410156
-9.993820190429688
10.4803466796875
3.0577468872070312
-15.61504364013672
-23.81149291992188
-10.109710693359377
10.077400207519533
2.327957153320313
-15.968589782714846
-24.128990173339844
-10.548171997070314
9.874725341796877
2.3268890380859375
-16.01318359375
-24.201354980468754
-10.544433593750002
9.901695251464844
2.3621368408203125
-15.863380432128908
-23.889732360839844
-10.338821411132812
9.691276550292969
1.9362258911132815
-16.389961242675785
-24.25182342529297
-10.445365905761719
9.750823974609377
1.7330169677734377
-16.37821197509766
-24.372787475585938
-10.62347412109375
9.811439514160156
1.804313659667969
-16.617736816406254
-24.49028015136719
-10.709724426269533
9.522781372070312
1.647300720214844
-16.781692504882812
-24.800300598144535
-10.707054138183596
9.485931396484377
1.3543701171875
-16.816940307617188
-24.381599426269535
-10.440025329589846
9.652290344238283
1.4019012451171877
-17.035636901855472
-24.876670837402344
-10.766868591308596
9.251480102539064
0.919647216796875
-17.44659423828125
-24.71672058105469
-10.256042480468752
9.363899230957031
0.810699462890625
-17.374763488769535
-24.974937438964847
-10.664062500000002
9.23492431640625
0.6050872802734375
-17.716026306152347
-25.42327880859375
-10.759124755859375
9.388732910156252
0.8366012573242189
-17.710952758789066
-24.935150146484375
-10.542564392089844
9.11663055419922
0.29026031494140625
-17.978782653808597
-25.314598083496097
-10.891304016113281
8.975105285644533
-0.11508941650390625
-18.486137390136722
-25.513801574707035
-11.046981811523438
8.714752197265627
-0.1607513427734375
-18.729934692382816
-25.81954956054688
-11.112403869628906
8.424224853515625
-0.41389465332031256
-18.563842773437504
-25.85746765136719
-11.186370849609375
8.045845031738281
-0.8213806152343751
-18.78520965576172
-25.596847534179688
-10.89317321777344
8.426094055175783
-0.7815933227539064
-18.991889953613285
-26.03263854980469
-11.402931213378908
8.059463500976564
-1.123924255371094
-19.401512145996097
-26.505813598632816
-11.576232910156252
7.920875549316407
-1.282005310058594
-19.584426879882816
-26.726379394531254
-11.988792419433596
7.309112548828126
-1.3516998291015627
-19.477348327636722
-26.56749725341797
-11.562881469726564
7.55718231201172
-2.3130035400390625
-20.58231353759766
-26.824111938476566
-11.679039001464844
7.256240844726563
-2.435836791992188
-20.35934448242188
-27.080993652343754
-11.85447692871094
7.36278533935547
-2.111129760742188
-20.649070739746097
-27.657241821289062
-12.466506958007814
6.794815063476563
-2.8046035766601562
-21.058425903320312
-27.937088012695316
-12.661705017089846
6.552886962890626
-2.883110046386719
-20.736656188964847
-27.49515533447266
-12.120704650878908
6.916046142578126
-2.8953933715820317
-21.04881286621094
-27.68955230712891
-12.188796997070314
6.639938354492188
-3.2254409790039067
-21.355361938476562
-27.799835205078125
-12.42271423339844
6.103744506835938
-4.009704589843751
-21.912918090820312
-28.199043273925785
-12.532730102539062
6.411094665527344
-3.5693740844726562
-21.730537414550785
-28.097305297851566
-12.592010498046877
6.249542236328126
-3.5266494750976567
-21.543350219726566
-28.01559448242188
-12.218971252441406
6.678657531738282
-3.3557510375976562
-21.287803649902344
-27.513580322265625
-12.17491149902344
6.549148559570313
-3.5258483886718754
-21.823997497558597
-28.172073364257812
-12.26116180419922
6.294136047363282
-4.01397705078125
-22.240028381347656
-28.550987243652347
-12.44915008544922
6.05327606201172
-4.3659210205078125
-22.57247924804688
-28.785438537597656
-12.859840393066406
5.808944702148438
-4.669532775878907
-22.719078063964847
-28.92509460449219
-12.731666564941406
5.78411102294922
-4.650573730468751
-22.683296203613285
-29.220695495605472
-13.064117431640627
5.497589111328125
-5.05565643310547
-23.13377380371094
-29.32884216308594
-12.943420410156252
5.666084289550782
-5.217475891113281
-23.218955993652347
-29.23538208007813
-13.145561218261719
5.087165832519532
-5.647926330566407
-23.474235534667972
-29.293327331542972
-13.165321350097658
4.827613830566407
-5.751533508300782
-23.43765258789063
-29.365425109863285
-13.042755126953127
5.305328369140626
-5.418281555175782
-23.42430114746094
-29.428176879882816
-13.210182189941408
4.9170684814453125
-5.968360900878907
-23.86489868164063
-29.44766998291016
-12.935943603515627
5.22441864013672
-5.4730224609375
-23.487052917480472
-29.63272094726563
-13.410720825195314
4.809989929199219
-5.862083435058594
-23.876647949218754
-29.792137145996097
-13.49376678466797
4.614524841308594
-6.037788391113282
-23.673171997070316
-29.314956665039066
-12.656898498535158
5.36754608154297
-5.84819793701172
-23.53965759277344
-28.94859313964844
-12.56317138671875
5.15045166015625
-6.012420654296876
-23.93699645996094
-29.51042175292969
-12.482795715332033
5.322151184082031
-6.015090942382813
-23.84353637695313
-29.674110412597656
-12.967453002929688
4.846572875976563
-6.197471618652344
-23.72283935546875
-29.239921569824222
-12.821388244628906
4.859390258789063
-6.367034912109376
-23.86009216308594
-29.20066833496094
-12.232856750488283
5.465545654296876
-5.783042907714845
-23.701744079589844
-29.355545043945316
-12.224311828613281
5.424156188964844
-5.9210968017578125
-23.74767303466797
-29.214553833007816
-11.891059875488281
5.829238891601563
-5.726966857910157
-23.566360473632816
-28.823623657226566
-11.748199462890627
5.594253540039063
-6.199874877929688
-23.872909545898438
-29.06314849853516
-11.808013916015625
5.580902099609376
-6.082115173339844
-23.91483306884766
-28.642578125000004
-11.751670837402344
5.3688812255859375
-6.184654235839845
-23.659019470214847
-28.646316528320316
-11.391983032226562
6.077842712402345
-5.73284149169922
-23.44699859619141
-28.584365844726566
-11.411743164062502
5.862884521484375
-5.914154052734376
-23.381576538085938
-28.438835144042972
-11.175689697265627
6.027107238769532
-5.678100585937501
-23.240051269531254
-28.20384979248047
-10.954055786132814
5.960350036621095
-5.877838134765626
-23.456077575683597
-28.644180297851566
-11.334037780761719
5.999336242675781
-6.062889099121095
-23.84353637695313
-28.78330230712891
-10.931892395019533
6.442337036132813
-5.414276123046876
-23.068351745605472
-27.965126037597656
-10.118255615234375
6.767044067382813
-5.431098937988282
-22.775955200195316
-27.50156402587891
-9.809570312500002
6.975059509277345
-5.048980712890626
-22.540969848632816
-27.360839843750004
-9.930000305175781
6.767578125000001
-5.21800994873047
-22.65312194824219
-27.451362609863285
-9.72332000732422
6.925659179687501
-5.194778442382813
-22.537765502929688
-27.370719909667972
-9.69982147216797
7.246894836425782
-5.0505828857421875
-22.633361816406254
-27.281799316406254
-9.528656005859375
6.908836364746095
-5.439643859863281
-22.594375610351566
-26.906623840332035
-9.332122802734375
7.057838439941406
-5.42816162109375
-22.663536071777347
-27.125587463378906
-9.14947509765625
7.344360351562501
-5.2898406982421875
-22.915077209472656
-27.343482971191406
-9.315567016601564
7.3486328125
-5.116004943847656
-22.74204254150391
-27.054023742675785
-8.960952758789064
7.50885009765625
-4.885025024414063
-21.959381103515625
-26.274299621582035
-8.658409118652344
7.771606445312501
-4.747505187988282
-22.183151245117188
-26.399536132812504
-8.485374450683596
7.579345703125
-5.056190490722656
-22.49370574951172
-26.483917236328125
-8.491783142089844
7.663192749023438
-5.077552795410157
-22.31159210205078
-26.362953186035156
-8.22368621826172
7.772140502929688
-5.090370178222656
-21.93748474121094
-25.99498748779297
-7.988700866699219
7.8714752197265625
-4.8284149169921875
-21.90250396728516
-26.011009216308597
-7.692031860351563
8.25920104980469
-4.209442138671875
-21.249351501464844
-25.516471862792972
-7.460517883300782
8.595390319824219
-4.268722534179688
-21.559906005859375
-25.346374511718754
-6.750755310058594
9.029846191406252
-4.4065093994140625
-21.643753051757816
-25.513801574707035
-7.199630737304688
8.385772705078125
-4.634819030761719
-21.484336853027347
-25.42221069335938
-7.049827575683595
8.665885925292969
-4.249229431152344
-21.28192901611328
-25.242500305175785
-6.95049285888672
8.908348083496096
-3.9755249023437504
-20.855216979980472
-24.848098754882816
-6.518440246582032
8.985252380371096
-3.8110351562500004
-20.79540252685547
-24.620590209960938
-6.353950500488281
8.8824462890625
-4.189414978027344
-21.279792785644535
-24.99683380126953
-6.260757446289063
9.450149536132812
-3.857498168945313
-21.04373931884766
-24.76718902587891
-6.225509643554688
9.263496398925783
-3.762168884277344
-20.614891052246097
-24.265174865722656
-5.43804168701172
9.68700408935547
-3.5191726684570317
-20.415153503417972
-23.969039916992188
-5.13336181640625
9.878997802734377
-3.6131668090820317
-20.523033142089847
-23.40774536132813
-4.905853271484376
9.93053436279297
-3.770980834960938
-20.64987182617188
-23.86383056640625
-5.1285552978515625
9.671783447265625
-3.567771911621094
-20.152397155761722
-23.81095886230469
-4.985961914062501
10.3009033203125
-3.051872253417969
-20.045585632324222
-23.36475372314453
-4.50450897216797
10.704650878906252
-2.766685485839844
-19.549980163574222
-23.119354248046875
-4.32586669921875
10.527076721191406
-2.9148864746093754
-19.71366882324219
-23.087844848632812
-4.17339324951172
10.475807189941406
-3.2703018188476567
-20.293121337890625
-23.316154479980472
-4.215583801269532
10.542297363281252
-3.0467987060546875
-19.70245361328125
-22.595176696777347
-3.991279602050782
10.48728942871094
-2.7963256835937504
-19.274673461914066
-22.507324218750004
-3.5293197631835938
11.144714355468752
-2.2470474243164067
-18.779067993164066
-22.143096923828125
-3.0932617187500004
11.361274719238283
-2.4102020263671875
-18.977737426757816
-22.254447937011722
-3.4636306762695317
11.012535095214846
-2.6604080200195317
-19.40765380859375
-22.4560546875
-3.406486511230469
10.783958435058596
-2.9821777343750004
-19.646377563476562
-22.69584655761719
-3.497543334960938
10.88115692138672
-2.892990112304688
-19.50725555419922
-22.735900878906254
-3.6494827270507812
11.014404296875
-2.7565383911132812
-19.4696044921875
-22.45071411132813
-3.121299743652344
11.200256347656252
-2.8176879882812504
-19.71393585205078
-22.326812744140625
-2.9584121704101567
11.003990173339844
-2.9763031005859375
-19.227676391601562
-22.061119079589847
-3.0716323852539062
10.87474822998047
-3.052940368652344
-19.471740722656254
-22.214927673339844
-2.8542709350585938
11.110534667968752
-2.9108810424804688
-19.395370483398438
-21.91745758056641
-2.6347732543945312
11.3134765625
-2.692184448242188
-19.41192626953125
-22.01652526855469
-2.3535919189453125
11.633644104003908
-2.431564331054688
-19.164390563964847
-21.83414459228516
-2.4104690551757817
11.290245056152344
-2.7835083007812504
-19.262657165527344
-21.881408691406254
-2.3626708984375
11.375694274902344
-3.0011367797851562
-19.832229614257816
-22.25204467773438
-2.5282287597656254
11.137237548828127
-3.09112548828125
-19.37854766845703
-21.73374176025391
-2.1231460571289062
11.297454833984377
-2.948265075683594
-19.253311157226562
-21.702499389648438
-2.103118896484375
11.365814208984377
-2.9779052734375004
-19.463996887207035
-21.725463867187504
-2.0505142211914067
11.313209533691408
-3.0377197265625
-19.27146911621094
-21.49555206298828
-1.7634582519531252
11.599464416503908
-2.8943252563476562
-19.384155273437504
-21.434402465820316
-1.7749404907226562
11.55754089355469
-2.790184020996094
-19.30137634277344
-21.651763916015625
-1.789360046386719
11.563949584960938
-3.007011413574219
-19.26639556884766
-21.245613098144535
-1.6005706787109377
11.678237915039062
-2.3717498779296875
-18.702964782714847
-20.79593658447266
-1.0074996948242188
11.82109832763672
-2.88177490234375
-19.07306671142578
-21.23893737792969
-1.3447570800781252
11.717491149902344
-3.015556335449219
-19.11685943603516
-21.006889343261722
-1.0117721557617188
11.933250427246096
-2.8350448608398438
-19.0423583984375
-20.855484008789062
-1.0152435302734377
11.547927856445314
-3.334922790527344
-19.30404663085938
-20.603141784667972
-0.8454132080078126
11.928710937500002
-2.792587280273438
-18.828468322753906
-20.418090820312504
-0.39573669433593756
12.21336364746094
-2.416343688964844
-18.501358032226562
-20.112876892089844
-0.1618194580078125
12.31376647949219
-2.656936645507813
-18.904304504394535
-20.585517883300785
-0.5030822753906251
11.99974060058594
-2.651329040527344
-18.658103942871097
-20.296592712402344
-0.3223037719726563
12.05314636230469
-2.6772308349609375
-18.608436584472656
-20.294456481933597
0.28759002685546875
12.732734680175783
-2.301254272460938
-18.266372680664062
-19.723281860351562
0.253143310546875
12.400550842285158
-2.2876358032226562
-18.14407348632813
-19.61166381835938
0.40161132812500006
12.615509033203127
-2.431564331054688
-18.68320465087891
-20.284309387207035
0.12443542480468751
12.42698669433594
-2.746658325195313
-18.82419586181641
-20.251731872558597
-0.001068115234375
12.110824584960938
-3.0481338500976567
-19.061050415039066
-20.14892578125
0.41282653808593756
12.57225036621094
-2.331695556640625
-18.33499908447266
-19.787902832031254
0.5655670166015626
12.33299255371094
-3.1058120727539067
-18.725128173828125
-19.79511260986328
0.4488754272460938
12.161827087402344
-3.0011367797851562
-19.10083770751953
-20.425033569335938
-0.05954742431640626
11.882781982421877
-3.2307815551757817
-18.90670776367188
-20.30139923095703
0.17997741699218753
11.804809570312502
-3.6633682250976562
-19.084281921386722
-19.889907836914062
0.5452728271484376
12.243003845214846
-2.8879165649414067
-18.467445373535156
-19.590835571289066
0.9436798095703126
12.504692077636719
-2.718353271484375
-18.483467102050785
-19.60178375244141
0.6229782104492188
11.972503662109377
-3.3156967163085938
-18.84422302246094
-19.768409729003906
0.4990768432617188
11.906280517578127
-3.378982543945313
-18.99322509765625
-20.132904052734375
0.3118896484375
11.825103759765625
-3.1346511840820317
-18.797760009765625
-19.94144439697266
0.3233718872070313
11.88385009765625
-3.3194351196289067
-19.035682678222656
-19.753189086914062
0.8734512329101564
12.075042724609375
-3.150138854980469
-18.691749572753906
-19.48883056640625
1.0932159423828127
12.305488586425783
-3.2086181640625004
-19.058647155761722
-19.751853942871097
0.7781219482421876
11.60533905029297
-3.6932754516601567
-18.98548126220703
-19.825820922851562
0.6432723999023439
11.770362854003906
-3.5052871704101567
-19.084281921386722
-19.692306518554688
1.0910797119140627
11.98131561279297
-3.554954528808594
-18.963584899902347
-19.702987670898438
1.1103057861328125
12.26249694824219
-3.184318542480469
-18.729934692382816
-19.53769683837891
1.2288665771484377
12.283058166503908
-3.3853912353515625
-18.91284942626953
-19.504051208496097
1.0905456542968752
12.028579711914064
-3.4743118286132817
-19.031944274902347
-19.560394287109375
1.1338043212890625
11.959686279296877
-3.528518676757813
-19.005241394042972
-19.67094421386719
1.1551666259765627
12.10655212402344
-3.867111206054688
-19.389762878417972
-19.867477416992188
1.3057708740234375
12.422981262207031
-3.4008789062500004
-18.80924224853516
-18.83861541748047
1.7490386962890627
11.94713592529297
-3.8161087036132817
-19.17533874511719
-19.590835571289066
1.208038330078125
11.705474853515627
-4.087409973144531
-19.356117248535156
-19.147834777832035
1.7207336425781252
12.062225341796877
-3.846817016601563
-19.112854003906254
-19.11151885986328
1.7824172973632815
12.132720947265627
-3.5383987426757812
-18.995361328125
-19.250373840332035
1.9161987304687502
12.135391235351564
-3.9605712890625
-19.23168182373047
-19.20524597167969
1.8788146972656252
12.264900207519533
-3.726921081542969
-18.96011352539063
-19.09042358398438
2.044906616210938
12.549819946289062
-3.521842956542969
-19.07199859619141
-19.04342651367188
2.01446533203125
12.256088256835938
-3.5383987426757812
-18.59081268310547
-18.618850708007816
2.5084686279296875
12.756767272949219
-3.3247756958007812
-18.573455810546875
-18.294944763183597
3.1632232666015625
12.937812805175781
-3.3525466918945317
-18.809776306152347
-18.55716705322266
2.74932861328125
12.469978332519533
-3.6807250976562504
-18.787879943847656
-18.61190795898438
2.6945877075195317
12.540473937988283
-3.756027221679688
-19.043960571289062
-18.84876251220703
2.594985961914063
12.375183105468752
-4.08447265625
-19.12647247314453
-18.735275268554688
2.523155212402344
12.253150939941406
-3.9271926879882812
-19.230346679687504
-19.03781890869141
2.3381042480468754
12.4884033203125
-3.7568283081054688
-19.25704956054688
-18.738479614257812
2.878837585449219
12.51243591308594
-3.7928771972656254
-18.846092224121094
-18.45062255859375
2.7640151977539062
12.20481872558594
-3.9624404907226562
-18.958511352539066
-18.604431152343754
2.712478637695313
12.365837097167969
-3.833999633789063
-19.230079650878906
-18.830337524414062
2.591781616210938
12.113494873046877
-4.25457000732422
-19.18842315673828
-18.283729553222656
3.064422607421875
12.330322265625
-3.9565658569335938
-18.815383911132812
-18.20362091064453
3.2265090942382817
12.796020507812502
-3.29620361328125
-18.550758361816406
-18.011093139648438
3.425445556640625
12.565040588378908
-4.173927307128906
-19.37400817871094
-18.619651794433597
2.7204895019531254
11.881980895996096
-4.321861267089844
-19.238891601562504
-18.522720336914066
2.9712295532226567
11.962623596191408
-4.460449218750001
-19.31472778320313
-18.359832763671875
3.0865859985351567
12.262763977050781
-4.346160888671876
-19.36786651611328
-18.424720764160156
3.102340698242188
12.006683349609377
-4.5934295654296875
-19.38468933105469
-18.168907165527347
3.441734313964844
12.146873474121096
-4.2665863037109375
-19.04743194580078
-18.229255676269535
3.2660293579101567
12.01202392578125
-4.632148742675782
-19.357986450195316
-18.15876007080078
3.417434692382813
11.984519958496094
-4.734954833984375
-19.395904541015625
-18.504295349121097
2.9891204833984375
11.664886474609375
-4.6575164794921875
-19.419136047363285
-18.354759216308594
3.2553482055664067
11.971168518066406
-4.597969055175782
-19.33849334716797
-18.068237304687504
3.507156372070313
12.068367004394531
-4.570732116699219
-19.416465759277347
-18.03886413574219
3.795547485351563
11.935920715332033
-4.834022521972656
-19.83837127685547
-18.755035400390625
3.186721801757813
11.652870178222658
-5.009994506835938
-19.622344970703125
-18.288002014160156
3.493003845214844
11.627502441406252
-5.150985717773438
-19.718742370605472
-18.56784820556641
3.328781127929688
11.90788269042969
-5.09197235107422
-19.723815917968754
-17.981452941894535
3.964042663574219
12.336997985839844
-4.501304626464844
-19.200973510742188
-17.769432067871097
4.190483093261719
12.182655334472656
-4.904785156250001
-19.409255981445312
-18.09173583984375
3.6326599121093754
11.71428680419922
-5.149383544921875
-20.01514434814453
-18.345680236816406
3.8227844238281254
11.980247497558594
-4.842834472656251
-19.37320709228516
-17.827110290527344
4.193153381347656
12.366371154785158
-4.350166320800782
-19.243164062500004
-17.663955688476562
4.660453796386719
12.608566284179688
-4.2494964599609375
-18.67893218994141
-16.989707946777344
5.019874572753906
12.710838317871094
-4.436683654785157
-19.39777374267578
-17.593193054199222
4.620666503906251
12.553291320800783
-4.450569152832031
-19.30564880371094
-17.788925170898438
4.36992645263672
12.15087890625
-5.113868713378907
-19.77642059326172
-17.85942077636719
4.502105712890625
12.077178955078127
-5.056457519531251
-19.55638885498047
-17.6153564453125
4.505577087402345
12.186126708984377
-4.76806640625
-19.404716491699222
-17.58224487304688
4.3541717529296875
11.965026855468752
-5.081825256347656
-19.59243774414063
-17.772369384765625
4.077796936035156
11.592254638671875
-5.313072204589845
-19.72782135009766
-17.87010192871094
3.994216918945313
11.562881469726564
-5.557937622070313
-20.035972595214844
-17.943267822265625
4.499702453613282
12.109222412109375
-5.317878723144532
-19.818077087402347
-17.78545379638672
4.505310058593751
11.851005554199219
-5.426559448242188
-19.672546386718754
-17.28183746337891
4.6585845947265625
11.567955017089846
-5.67596435546875
-19.840507507324222
-17.529106140136722
4.657783508300782
11.856346130371094
-5.506401062011719
-19.932632446289062
-17.69866943359375
4.377670288085938
11.391181945800781
-5.952072143554688
-20.036773681640625
-17.633514404296875
4.382743835449219
11.228294372558596
-5.934982299804688
-20.28751373291016
-17.946739196777344
4.242286682128907
11.339111328125002
-6.301612854003906
-20.40233612060547
-17.82951354980469
4.562721252441407
11.433105468750002
-5.738716125488282
-19.99832153320313
-17.86369323730469
4.233474731445313
11.14177703857422
-5.988121032714845
-20.186576843261722
-17.76329040527344
4.282875061035156
11.069412231445312
-6.282119750976563
-20.48084259033203
-18.006820678710938
4.030532836914063
10.829086303710938
-6.388931274414063
-20.361213684082035
-17.94994354248047
4.23534393310547
10.895042419433594
-6.608963012695313
-20.619697570800785
-17.66769409179688
4.445762634277344
11.12468719482422
-6.170501708984376
-20.508346557617188
-17.93685913085938
4.423866271972656
10.987701416015625
-6.362495422363281
-20.362815856933597
-17.67490386962891
4.4011688232421875
10.867805480957033
-6.389732360839845
-20.54733276367188
-17.987327575683594
4.324798583984375
10.636825561523438
-6.76677703857422
-20.813293457031254
-17.891197204589847
4.3926239013671875
10.925750732421877
-6.251678466796876
-20.35400390625
-17.525367736816406
4.864997863769532
11.142044067382812
-6.517372131347657
-20.76709747314453
-17.997474670410156
4.368324279785156
10.845909118652344
-6.262893676757813
-20.167617797851566
-17.77904510498047
4.169921875000001
10.3564453125
-6.85943603515625
-20.759086608886722
-17.505340576171875
4.645767211914063
10.744705200195314
-6.840209960937501
-20.637321472167972
-17.70828247070313
4.581947326660156
10.7623291015625
-6.795349121093751
-20.890731811523438
-17.90508270263672
4.422798156738281
10.417060852050783
-6.61937713623047
-20.394859313964844
-17.36862182617188
5.191307067871095
11.163940429687502
-6.436462402343751
-20.298728942871097
-17.21160888671875
5.14324188232422
10.791702270507814
-6.662635803222657
-20.39299011230469
-17.26581573486328
5.290641784667969
10.92254638671875
-6.62792205810547
-20.370025634765625
-17.208671569824222
5.087165832519532
10.935897827148438
-6.641273498535157
-20.12889862060547
-17.121086120605472
5.350189208984376
11.001319885253908
-6.7382049560546875
-20.51929473876953
-17.365150451660156
4.769134521484375
10.511856079101564
-6.720581054687501
-20.673904418945316
-17.578239440917972
4.883689880371094
10.509185791015625
-7.060775756835938
-20.618095397949222
-17.42176055908203
4.828681945800782
10.302505493164064
-7.327270507812501
-21.00982666015625
-17.463417053222656
4.957656860351563
10.34282684326172
-7.231407165527344
-20.71182250976563
-17.38224029541016
4.884223937988282
10.217056274414062
-7.292823791503907
-21.124649047851566
-17.423362731933594
5.368347167968751
10.855255126953127
-6.884002685546876
-20.91236114501953
-17.60574340820313
4.816131591796876
10.304107666015627
-7.23674774169922
-21.065368652343754
-17.53738403320313
4.747505187988282
9.782066345214846
-7.9804229736328125
-21.652297973632812
-17.881050109863285
4.8807525634765625
10.141487121582031
-7.627143859863281
-21.103019714355472
-17.465286254882812
4.92107391357422
9.833602905273438
-7.556648254394532
-20.817031860351562
-17.437248229980472
4.806785583496095
9.886207580566406
-7.538490295410157
-21.221847534179688
-17.597465515136722
4.82280731201172
9.664039611816408
-7.783088684082032
-21.326255798339844
-17.78598785400391
4.810523986816407
9.93053436279297
-7.75371551513672
-21.408767700195312
-17.570228576660156
5.175285339355469
9.96818542480469
-8.092041015625
-21.87393188476563
-17.845268249511722
4.820137023925782
9.675521850585938
-8.107795715332033
-21.40396118164063
-17.354736328125004
5.233230590820313
10.160713195800781
-7.753448486328126
-21.340141296386722
-17.258872985839844
5.313606262207031
9.944686889648438
-7.901649475097657
-21.400222778320316
-17.80895233154297
4.770736694335938
9.700088500976562
-8.0108642578125
-21.457901000976562
-17.646598815917972
5.017471313476563
9.651222229003906
-8.069076538085938
-21.240539550781254
-17.365951538085938
5.105323791503907
9.811706542968752
-7.975349426269531
-21.38847351074219
-17.152862548828125
5.513877868652344
9.945220947265627
-7.611656188964845
-21.15509033203125
-17.273826599121097
5.263938903808594
9.698753356933596
-8.15666198730469
-21.24240875244141
-16.936302185058594
5.88024139404297
10.052032470703127
-8.238105773925781
-21.77566528320313
-17.59078979492188
5.262603759765626
9.720649719238281
-8.301658630371094
-21.533203125
-17.112274169921875
5.5499267578125
9.728126525878906
-8.020744323730469
-21.180725097656254
-16.91253662109375
5.812149047851563
10.003967285156252
-8.002052307128906
-21.137466430664062
-16.972885131835938
5.49358367919922
9.724121093750002
-8.384170532226562
-21.79489135742188
-17.39799499511719
5.320816040039063
9.54601287841797
-7.914733886718751
-21.432800292968754
-17.395591735839847
5.433769226074219
9.63279724121094
-8.21006774902344
-21.32465362548828
-16.837234497070316
5.91228485107422
9.801025390625
-8.085365295410156
-21.318511962890625
-16.928558349609375
6.053009033203126
10.03654479980469
-8.00926208496094
-21.128654479980472
-16.84738159179688
5.927505493164063
9.987945556640625
-8.00926208496094
-21.14093780517578
-16.763000488281254
5.82683563232422
9.678192138671877
-8.366279602050781
-21.575660705566406
-16.99798583984375
5.755271911621094
9.37591552734375
-8.505401611328127
-21.51290893554688
-16.99024200439453
5.445785522460938
9.238929748535158
-8.446388244628906
-21.426658630371097
-16.781692504882812
5.988922119140625
9.690208435058594
-8.438911437988281
-21.595420837402347
-17.192115783691406
5.518417358398438
9.382591247558594
-8.658943176269533
-21.59702301025391
-16.820678710937504
5.937385559082031
9.517707824707031
-8.541450500488281
-21.623191833496094
-17.098388671875004
5.635375976562501
9.222106933593752
-8.845062255859377
-21.823997497558597
-17.083969116210938
5.76061248779297
9.401550292968752
-8.90087127685547
-21.943359375000004
-17.134971618652347
5.2620697021484375
8.689117431640625
-9.218902587890627
-22.14977264404297
-17.044982910156254
5.746726989746095
9.0704345703125
-8.932914733886719
-21.95163726806641
-17.060737609863285
5.432167053222657
8.852806091308594
-8.943328857421875
-21.946029663085938
-17.0428466796875
5.522155761718751
8.66722106933594
-9.409294128417969
-22.128410339355472
-17.27035522460938
5.397453308105469
8.684043884277346
-9.396743774414062
-22.356719970703125
-17.502670288085938
5.133895874023438
8.518486022949219
-9.217033386230469
-21.98955535888672
-17.380104064941406
5.433769226074219
8.653602600097658
-9.575386047363281
-22.346839904785156
-17.219619750976562
5.468750000000001
8.680305480957033
-9.445343017578127
-22.365531921386722
-17.16354370117188
5.538978576660157
8.484039306640627
-9.521446228027346
-22.35271453857422
-17.346725463867188
5.046577453613281
8.019943237304688
-9.79515075683594
-22.352447509765625
-17.22923278808594
5.389175415039063
8.228225708007812
-9.870452880859377
-22.401313781738285
-17.087173461914062
5.510139465332031
8.367080688476562
-9.709968566894533
-22.36927032470703
-16.996650695800785
5.717353820800782
8.528633117675781
-9.473114013671875
-22.119064331054688
-17.138442993164066
5.394783020019531
8.316345214843752
-9.70542907714844
-22.513999938964847
-17.26768493652344
5.5931854248046875
8.386840820312502
-9.668045043945312
-22.346839904785156
-17.03830718994141
5.49652099609375
8.201789855957031
-9.8779296875
-22.49557495117188
-17.07782745361328
5.715217590332031
8.21086883544922
-10.386352539062502
-22.940711975097656
-17.258605957031254
5.66875457763672
8.219413757324219
-9.784202575683596
-22.439498901367188
-17.19345092773438
5.590782165527345
8.148384094238281
-9.974060058593752
-22.590904235839847
-17.09251403808594
5.549392700195313
7.838363647460938
-10.75431823730469
-23.14151763916016
-17.447929382324222
5.100250244140626
7.5756072998046875
-10.510253906250002
-23.08170318603516
-17.218017578125
5.81695556640625
8.493652343750002
-9.924125671386719
-22.63736724853516
-17.1453857421875
5.545654296875001
7.917137145996095
-10.093688964843752
-22.527084350585938
-16.855125427246094
5.838851928710938
8.058395385742188
-10.046157836914064
-22.703857421875
-17.021484375000004
5.712814331054688
8.003921508789064
-10.247764587402346
-22.71934509277344
-17.11521148681641
5.46234130859375
7.618598937988282
-10.736427307128908
-23.151664733886722
-17.366218566894535
5.4062652587890625
7.784690856933595
-10.355110168457031
-22.93163299560547
-16.972618103027344
5.813484191894532
7.82928466796875
-10.37700653076172
-22.873420715332035
-17.103195190429688
5.5072021484375
7.557983398437501
-10.618934631347656
-22.910804748535156
-17.04818725585938
5.5157470703125
7.442893981933595
-10.555381774902344
-22.738304138183597
-16.666870117187504
5.7886505126953125
7.648773193359376
-10.577545166015625
-22.906532287597656
-16.85832977294922
5.6893157958984375
7.628479003906251
-10.600242614746096
-23.009605407714847
-17.21294403076172
5.541114807128907
7.504844665527345
-10.636825561523438
-23.01013946533203
-17.00305938720703
5.61534881591797
7.43114471435547
-10.813064575195314
-23.076095581054688
-16.98143005371094
5.492248535156251
7.099761962890625
-10.99010467529297
-22.99064636230469
-16.796646118164062
5.874099731445313
7.467193603515626
-10.709991455078127
-22.813606262207035
-16.578483581542972
5.866889953613282
7.396163940429688
-11.008529663085938
-23.164749145507816
-16.91654205322266
5.613212585449219
7.052497863769532
-11.205596923828127
-23.33671569824219
-17.058067321777344
5.554199218750001
7.32433319091797
-10.768470764160158
-23.162345886230472
-16.940574645996097
5.761413574218751
7.261314392089845
-10.96153259277344
-23.040580749511722
-16.980094909667972
5.887718200683594
7.641830444335938
-10.620803833007814
-22.868614196777347
-16.699981689453125
6.093330383300782
7.420196533203125
-10.825080871582033
-22.865409851074222
-16.480216979980472
6.004142761230469
7.351837158203126
-10.786094665527344
-22.85526275634766
-16.413459777832035
6.116027832031251
7.491760253906251
-10.827484130859375
-23.04351806640625
-16.805191040039062
5.886383056640626
7.334213256835938
-10.805053710937502
-22.760467529296875
-16.23722076416016
6.14940643310547
7.501106262207032
-10.54149627685547
-22.503051757812504
-16.08207702636719
6.337928771972656
7.412452697753906
-10.789031982421875
-22.652053833007812
-16.05510711669922
6.645545959472657
7.772941589355469
-10.707855224609377
-22.788505554199222
-16.303977966308597
6.265563964843751
7.449836730957032
-10.79063415527344
-22.669143676757816
-16.113319396972656
6.265563964843751
7.305374145507813
-10.882759094238283
-22.624282836914066
-15.899429321289064
6.764373779296876
7.823677062988282
-10.431213378906252
-22.32040405273438
-15.812911987304688
6.675186157226563
7.765464782714845
-10.228271484375
-22.199172973632812
-15.86151123046875
6.676521301269532
7.853584289550781
-10.153503417968752
-22.238426208496097
-15.895957946777346
6.744346618652345
7.805519104003907
-10.853652954101564
-22.892112731933597
-16.02893829345703
6.494140625
7.622337341308594
-10.642967224121096
-22.64163970947266
-15.841217041015627
6.920318603515626
8.106460571289064
-10.245628356933596
-22.33348846435547
-15.704498291015625
6.91417694091797
7.88829803466797
-10.173530578613283
-22.119064331054688
-15.448684692382812
6.970787048339845
7.736091613769532
-10.487022399902344
-22.26860046386719
-15.522918701171877
7.044754028320313
7.793769836425782
-10.596504211425783
-22.357254028320316
-15.64495086669922
6.794815063476563
7.544631958007813
-10.791702270507814
-22.595710754394535
-15.883140563964844
6.712036132812501
7.729949951171876
-10.355377197265627
-22.265663146972656
-15.566711425781252
7.105369567871094
7.893104553222656
-10.313720703125002
-22.220001220703125
-15.570716857910158
6.984939575195313
7.735290527343751
-10.605316162109377
-22.50919342041016
-15.513572692871096
6.945152282714844
7.264251708984376
-10.816001892089846
-22.483558654785156
-15.638542175292969
6.791076660156251
7.368392944335938
-10.852317810058596
-22.569541931152344
-15.59154510498047
6.9091033935546875
7.428741455078125
-10.895042419433594
-22.589569091796875
-15.744552612304688
6.892547607421876
7.62981414794922
-10.649909973144533
-22.410125732421875
-15.2142333984375
7.338218688964844
7.63275146484375
-10.710792541503908
-22.545776367187504
-15.654296875000002
6.720581054687501
7.31792449951172
-10.872344970703127
-22.712402343750004
-15.57231903076172
6.75182342529297
7.557983398437501
-10.625877380371094
-22.579154968261722
-15.593147277832033
6.820716857910157
7.27947235107422
-10.83976745605469
-22.574348449707035
-15.459098815917969
7.135810852050782
7.411117553710938
-10.771942138671875
-22.320938110351562
-15.254287719726562
6.983871459960938
7.368392944335938
-10.563926696777346
-22.211456298828125
-15.16563415527344
7.190284729003906
7.25597381591797
-11.24565124511719
-22.818145751953125
-15.574722290039062
6.884536743164063
7.042083740234376
-11.221618652343752
-22.67047882080078
-15.310630798339846
6.758766174316407
6.989746093750001
-10.988502502441406
-22.657127380371094
-15.49968719482422
6.888008117675781
7.077598571777345
-10.942573547363281
-22.689170837402347
-15.545349121093752
7.030334472656251
7.442626953125001
-10.841636657714844
-22.44216918945313
-15.082855224609377
7.114715576171876
7.055435180664063
-11.165542602539064
-22.95513153076172
-15.403022766113283
7.0148468017578125
6.902694702148438
-11.389045715332031
-22.852592468261722
-15.514106750488283
6.863975524902345
6.799354553222656
-11.34391784667969
-22.94151306152344
-15.528793334960938
6.787338256835938
6.703758239746095
-11.297454833984377
-22.25738525390625
-14.722366333007814
7.536888122558595
7.054367065429688
-11.455802917480469
-22.76206970214844
-15.106353759765627
7.197227478027345
7.10857391357422
-10.943641662597658
-22.358055114746097
-14.930381774902346
7.264251708984376
6.892013549804688
-11.539916992187502
-23.063011169433597
-15.34160614013672
6.929130554199219
6.661300659179688
-11.57543182373047
-23.191184997558594
-15.525588989257814
7.016181945800782
6.913108825683595
-10.974082946777346
-22.382087707519535
-15.142402648925783
7.137680053710938
6.849021911621094
-11.481971740722658
-22.618408203125004
-15.029983520507814
7.184143066406251
6.9785308837890625
-10.955924987792969
-22.268066406250004
-14.67296600341797
7.450904846191407
7.008438110351563
-11.368751525878908
-22.598648071289062
-14.86309051513672
7.438888549804688
7.069053649902345
-11.190109252929688
-22.56633758544922
-15.009956359863283
7.274665832519532
6.977195739746095
-11.156997680664064
-22.721214294433597
-15.031585693359377
7.286148071289063
6.896820068359376
-11.01654052734375
-22.20798492431641
-14.671630859375002
7.521934509277345
6.886138916015625
-11.320953369140627
-22.427482604980472
-14.862823486328127
7.407379150390626
6.9892120361328125
-11.270217895507812
-22.648849487304688
-15.034523010253908
7.276000976562501
6.665306091308595
-11.520690917968752
-23.027496337890625
-15.215835571289064
7.067184448242188
6.549415588378906
-11.39518737792969
-22.894248962402344
-15.39928436279297
6.7974853515625
6.239395141601563
-11.902008056640627
-23.175163269042972
-15.22411346435547
7.128067016601563
6.32030487060547
-11.868362426757814
-22.78770446777344
-14.694328308105469
7.154769897460938
6.313896179199219
-11.744194030761719
-23.00907135009766
-15.266304016113283
6.996955871582032
6.17717742919922
-12.227783203125002
-23.465957641601566
-15.447349548339846
6.83727264404297
6.149940490722656
-11.898269653320314
-22.974624633789066
-15.223579406738283
6.889076232910156
5.9915924072265625
-11.991195678710938
-23.086242675781254
-15.479927062988283
6.724853515625
6.261558532714844
-11.736984252929688
-23.031501770019535
-15.243072509765627
7.177200317382813
6.322708129882813
-12.158889770507812
-23.450202941894535
-15.307960510253908
6.942749023437501
6.075172424316407
-12.36930847167969
-23.479309082031254
-15.453224182128908
6.941146850585938
6.011619567871094
-12.210960388183594
-23.182106018066406
-15.212898254394533
6.793746948242188
5.869827270507813
-12.500953674316406
-23.367424011230472
-14.844665527343752
7.270393371582031
6.152610778808595
-12.052879333496094
-23.136978149414062
-15.173377990722658
7.12139129638672
6.4177703857421875
-11.668357849121096
-22.823486328125004
-14.712486267089846
7.430877685546876
6.1977386474609375
-12.136993408203127
-23.139114379882816
-15.111427307128908
7.089881896972657
5.982513427734376
-11.932983398437502
-23.14525604248047
-15.247077941894533
7.223396301269532
6.256752014160156
-12.082252502441408
-23.214683532714844
-14.793395996093752
7.309913635253907
6.151008605957031
-11.818428039550781
-22.58262634277344
-14.232368469238283
7.959594726562502
6.779327392578125
-11.477432250976564
-22.54444122314453
-14.527969360351564
7.7529144287109375
6.612701416015626
-11.809349060058596
-22.843246459960938
-14.694862365722658
7.418327331542969
6.270103454589844
-11.903343200683596
-22.84591674804688
-14.550933837890627
7.56999969482422
6.547813415527345
-11.597328186035156
-22.633628845214844
-14.528236389160158
7.739295959472657
6.886940002441407
-11.314277648925783
-22.488098144531254
-14.149856567382812
7.874145507812501
6.730194091796876
-11.322288513183594
-22.39303588867188
-13.887100219726564
8.300857543945312
6.889343261718751
-11.524696350097656
-22.48142242431641
-14.194183349609377
7.768135070800782
6.383056640625001
-12.002944946289064
-22.478752136230472
-13.946113586425783
8.1988525390625
6.77318572998047
-11.438446044921877
-22.20905303955078
-13.877754211425783
8.146247863769533
6.897354125976563
-11.080894470214846
-22.201042175292972
-14.016075134277346
8.042106628417969
6.945686340332032
-11.014137268066408
-22.017593383789066
-13.702049255371096
8.356666564941406
7.160110473632813
-10.977821350097658
-21.97887420654297
-13.68095397949219
8.247985839843752
6.734199523925782
-11.475563049316408
-22.354850769042972
-14.030227661132814
8.112602233886719
6.751289367675782
-11.077423095703125
-21.84562683105469
-13.554916381835938
8.640518188476564
7.149429321289063
-11.266746520996094
-22.073669433593754
-13.554916381835938
8.555870056152346
7.07439422607422
-11.23363494873047
-22.230682373046875
-13.867073059082033
8.19377899169922
6.580390930175782
-11.538848876953125
-22.148170471191406
-13.811531066894531
8.234100341796875
6.910438537597657
-11.444587707519531
-22.54791259765625
-14.04624938964844
7.94036865234375
6.261291503906251
-11.918563842773438
-22.502517700195316
-13.99150848388672
7.910728454589844
6.379852294921875
-11.634979248046877
-22.120933532714847
-13.550910949707033
8.061866760253908
6.181983947753907
-12.076911926269533
-22.772216796875
-14.126091003417969
8.018074035644533
6.499481201171876
-11.5142822265625
-22.362861633300785
-14.068145751953127
7.436485290527345
5.952606201171875
-12.077980041503908
-22.928428649902344
-14.278564453125002
7.898979187011719
6.24980926513672
-12.028846740722658
-22.576217651367188
-13.834495544433596
7.928352355957032
6.202278137207031
-12.005348205566406
-22.818679809570316
-14.51061248779297
7.444496154785157
6.083183288574219
-12.039260864257814
-22.738037109375
-14.149322509765627
7.808189392089845
6.148338317871095
-12.038726806640625
-22.606391906738285
-14.161338806152346
7.623939514160157
5.706138610839845
-12.400550842285158
-23.04405212402344
-14.39445495605469
7.800178527832032
6.066360473632813
-12.07237243652344
-22.944450378417972
-14.522094726562502
7.577209472656251
5.869293212890626
-12.277984619140627
-22.916145324707035
-14.19792175292969
7.665328979492188
5.783309936523438
-12.256622314453127
-23.22376251220703
-14.578437805175783
7.62981414794922
5.780906677246094
-12.64862060546875
-23.190116882324222
-14.274559020996096
7.560386657714844
5.4404449462890625
-12.772521972656252
-23.22803497314453
-14.517288208007814
7.320594787597657
5.605735778808595
-12.531929016113283
-23.384780883789062
-14.698867797851564
7.287483215332032
5.5931854248046875
-12.596015930175783
-23.389587402343754
-14.791526794433594
7.11925506591797
5.385704040527345
-12.167434692382814
-22.785835266113285
-14.171485900878908
7.666130065917969
5.57903289794922
-12.612304687500002
-23.05740356445313
-14.157066345214846
7.597236633300782
5.703201293945313
-12.43980407714844
-23.052597045898438
-14.211006164550783
7.505912780761719
5.605735778808595
-12.41844177246094
-23.03470611572266
-14.047584533691408
7.70458221435547
5.442314147949219
-12.664375305175783
