0.8592020963534385
0.605137039972335
0.8098532421104415
0.9324161850223707
0.9270852473323874
1.021048252286144
0.7453727861914026
0.8228477859225682
0.820965039768515
0.7063037288031729
0.6350860998062808
0.4750221733917124
0.33276354976286293
0.4312954658711053
0.5667501461058544
1.010202096872901
1.142458146075769
1.1455671456711771
0.9639851977315432
1.054539092666334
0.8029733146673579
0.6368843596727456
0.45553158145198575
0.3836198019222751
0.3836198019222751
0.35661463695118734
0.4232973599191653
